#T_nd for A1V (pin)
#freq [Hz], T_nd [K]
1190500000, 57.4
1191281250, 56.9
1192062500, 56.7
1192843750, 56.3
1193625000, 55.9
1194406250, 55.3
1195187500, 54.5
1195968750, 54.2
1196750000, 53.5
1197531250, 53.2
1198312500, 52.8
1199093750, 52.3
1199875000, 52.1
1200656250, 52.0
1201437500, 51.8
1202218750, 51.6
1203000000, 51.4
1203781250, 51.1
1204562500, 50.8
1205343750, 50.8
1206125000, 50.4
1206906250, 50.1
1207687500, 50.0
1208468750, 49.9
1209250000, 49.9
1210031250, 49.7
1210812500, 49.4
1211593750, 49.2
1212375000, 49.0
1213156250, 48.9
1213937500, 48.7
1214718750, 48.5
1215500000, 48.3
1216281250, 48.2
1217062500, 47.9
1217843750, 47.7
1218625000, 47.6
1219406250, 47.4
1220187500, 47.0
1220968750, 46.9
1221750000, 46.5
1222531250, 46.0
1223312500, 45.7
1224093750, 45.3
1224875000, 45.0
1225656250, 44.8
1226437500, 44.7
1227218750, 44.7
1228000000, 44.7
1228781250, 44.7
1229562500, 45.1
1230343750, 45.4
1231125000, 45.7
1231906250, 46.0
1232687500, 46.3
1233468750, 46.6
1234250000, 46.9
1235031250, 46.9
1235812500, 46.9
1236593750, 46.9
1237375000, 46.8
1238156250, 46.4
1238937500, 45.9
1239718750, 44.4
1240500000, 44.4
1241281250, 44.4
1242062500, 44.4
1242843750, 45.6
1243625000, 45.6
1244406250, 45.6
1245187500, 45.6
1245968750, 45.3
1246750000, 45.3
1247531250, 45.3
1248312500, 45.2
1249093750, 45.2
1249875000, 45.3
1250656250, 45.3
1251437500, 45.1
1252218750, 45.1
1253000000, 45.1
1253781250, 45.2
1254562500, 45.3
1255343750, 45.3
1256125000, 45.5
1256906250, 45.7
1257687500, 46.1
1258468750, 46.3
1259250000, 46.3
1260031250, 46.5
1260812500, 46.7
1261593750, 46.7
1262375000, 47.5
1263156250, 47.6
1263937500, 47.6
1264718750, 47.7
1265500000, 47.7
1266281250, 47.6
1267062500, 47.6
1267843750, 47.6
1268625000, 47.4
1269406250, 46.9
1270187500, 46.5
1270968750, 46.2
1271750000, 45.9
1272531250, 45.7
1273312500, 45.3
1274093750, 44.8
1274875000, 44.3
1275656250, 44.1
1276437500, 44.0
1277218750, 43.9
1278000000, 43.7
1278781250, 43.2
1279562500, 43.2
1280343750, 43.2
1281125000, 43.2
1281906250, 43.5
1282687500, 43.5
1283468750, 43.7
1284250000, 43.8
1285031250, 44.2
1285812500, 44.8
1286593750, 45.4
1287375000, 45.9
1288156250, 46.2
1288937500, 46.5
1289718750, 46.9
1290500000, 47.5
1291281250, 48.0
1292062500, 48.1
1292843750, 48.1
1293625000, 48.2
1294406250, 48.2
1295187500, 48.1
1295968750, 48.1
1296750000, 47.9
1297531250, 47.5
1298312500, 47.1
1299093750, 47.1
1299875000, 47.1
1300656250, 47.1
1301437500, 47.2
1302218750, 47.3
1303000000, 47.6
1303781250, 47.8
1304562500, 48.0
1305343750, 48.1
1306125000, 48.1
1306906250, 48.1
1307687500, 48.1
1308468750, 48.1
1309250000, 48.1
1310031250, 48.1
1310812500, 48.1
1311593750, 48.1
1312375000, 48.1
1313156250, 48.1
1313937500, 48.2
1314718750, 48.7
1315500000, 48.7
1316281250, 48.8
1317062500, 48.9
1317843750, 48.9
1318625000, 48.9
1319406250, 48.9
1320187500, 48.9
1320968750, 48.9
1321750000, 48.8
1322531250, 48.6
1323312500, 48.4
1324093750, 48.3
1324875000, 48.2
1325656250, 48.1
1326437500, 47.7
1327218750, 46.8
1328000000, 46.2
1328781250, 46.1
1329562500, 46.1
1330343750, 45.4
1331125000, 44.6
1331906250, 44.2
1332687500, 43.9
1333468750, 43.8
1334250000, 43.6
1335031250, 43.3
1335812500, 43.1
1336593750, 43.1
1337375000, 43.0
1338156250, 43.0
1338937500, 42.9
1339718750, 42.9
1340500000, 42.9
1341281250, 42.9
1342062500, 42.9
1342843750, 43.0
1343625000, 43.0
1344406250, 43.0
1345187500, 43.0
1345968750, 43.0
1346750000, 43.0
1347531250, 42.9
1348312500, 42.9
1349093750, 42.9
1349875000, 42.8
1350656250, 42.6
1351437500, 42.6
1352218750, 42.6
1353000000, 42.4
1353781250, 42.2
1354562500, 42.1
1355343750, 41.7
1356125000, 41.7
1356906250, 41.5
1357687500, 41.5
1358468750, 41.3
1359250000, 41.2
1360031250, 41.2
1360812500, 41.2
1361593750, 41.2
1362375000, 41.2
1363156250, 41.2
1363937500, 41.3
1364718750, 41.4
1365500000, 41.4
1366281250, 41.5
1367062500, 41.7
1367843750, 42.0
1368625000, 42.0
1369406250, 42.1
1370187500, 42.4
1370968750, 42.6
1371750000, 42.6
1372531250, 42.8
1373312500, 42.9
1374093750, 43.1
1374875000, 43.1
1375656250, 43.1
1376437500, 43.1
1377218750, 43.1
1378000000, 43.0
1378781250, 43.0
1379562500, 42.9
1380343750, 42.9
1381125000, 42.4
1381906250, 42.4
1382687500, 42.3
1383468750, 42.1
1384250000, 41.8
1385031250, 41.6
1385812500, 41.4
1386593750, 41.1
1387375000, 40.4
1388156250, 40.4
1388937500, 40.3
1389718750, 40.2
1390500000, 40.2
1391281250, 40.1
1392062500, 40.0
1392843750, 40.0
1393625000, 40.0
1394406250, 40.0
1395187500, 40.0
1395968750, 40.0
1396750000, 40.2
1397531250, 40.2
1398312500, 40.6
1399093750, 40.9
1399875000, 41.0
1400656250, 41.0
1401437500, 41.3
1402218750, 41.6
1403000000, 42.0
1403781250, 42.3
1404562500, 42.5
1405343750, 42.7
1406125000, 42.9
1406906250, 43.2
1407687500, 43.7
1408468750, 44.0
1409250000, 44.0
1410031250, 44.0
1410812500, 44.1
1411593750, 44.2
1412375000, 44.3
1413156250, 44.3
1413937500, 44.3
1414718750, 44.3
1415500000, 44.0
1416281250, 44.0
1417062500, 43.9
1417843750, 43.7
1418625000, 43.6
1419406250, 43.1
1420187500, 42.7
1420968750, 42.5
1421750000, 42.4
1422531250, 42.3
1423312500, 42.1
1424093750, 41.7
1424875000, 41.6
1425656250, 41.5
1426437500, 41.5
1427218750, 41.5
1428000000, 41.5
1428781250, 41.5
1429562500, 41.5
1430343750, 41.7
1431125000, 41.9
1431906250, 42.0
1432687500, 42.2
1433468750, 42.4
1434250000, 42.5
1435031250, 42.6
1435812500, 43.0
1436593750, 43.2
1437375000, 43.3
1438156250, 43.5
1438937500, 43.6
1439718750, 43.8
1440500000, 43.9
1441281250, 44.1
1442062500, 44.1
1442843750, 44.1
1443625000, 44.1
1444406250, 44.1
1445187500, 44.1
1445968750, 44.0
1446750000, 43.9
1447531250, 43.6
1448312500, 43.4
1449093750, 43.3
1449875000, 43.0
1450656250, 43.0
1451437500, 43.0
1452218750, 43.0
1453000000, 45.1
1453781250, 45.1
1454562500, 45.1
1455343750, 45.2
1456125000, 45.2
1456906250, 45.3
1457687500, 45.4
1458468750, 45.6
1459250000, 46.0
1460031250, 46.2
1460812500, 46.8
1461593750, 47.6
1462375000, 48.1
1463156250, 48.8
1463937500, 49.5
1464718750, 50.2
1465500000, 50.9
1466281250, 51.7
1467062500, 52.2
1467843750, 52.4
1468625000, 52.7
1469406250, 52.9
1470187500, 52.9
1470968750, 52.9
1471750000, 52.9
1472531250, 49.1
1473312500, 46.9
1474093750, 46.3
1474875000, 46.3
1475656250, 46.3
1476437500, 46.3
1477218750, 47.9
1478000000, 51.2
1478781250, 51.2
1479562500, 51.2
1480343750, 51.2
1481125000, 51.0
1481906250, 50.8
1482687500, 50.7
1483468750, 50.7
1484250000, 50.7
1485031250, 50.7
1485812500, 50.7
1486593750, 50.8
1487375000, 50.9
1488156250, 51.1
1488937500, 51.2
1489718750, 51.3
1490500000, 51.6
1491281250, 51.6
1492062500, 51.9
1492843750, 52.2
1493625000, 52.2
1494406250, 52.2
1495187500, 52.2
1495968750, 52.2
1496750000, 52.2
1497531250, 52.0
1498312500, 51.9
1499093750, 51.7
1499875000, 51.5
1500656250, 51.4
1501437500, 51.0
1502218750, 50.8
1503000000, 50.5
1503781250, 50.2
1504562500, 50.1
1505343750, 49.6
1506125000, 49.5
1506906250, 49.2
1507687500, 49.0
1508468750, 48.7
1509250000, 48.6
1510031250, 48.4
1510812500, 48.2
1511593750, 48.1
1512375000, 48.1
1513156250, 48.0
1513937500, 48.0
1514718750, 47.9
1515500000, 47.8
1516281250, 47.8
1517062500, 47.8
1517843750, 47.8
1518625000, 47.8
1519406250, 47.8
1520187500, 47.8
1520968750, 47.8
1521750000, 47.7
1522531250, 47.7
1523312500, 47.7
1524093750, 47.6
1524875000, 47.5
1525656250, 47.0
1526437500, 46.9
1527218750, 46.8
1528000000, 46.7
1528781250, 46.7
1529562500, 46.6
1530343750, 46.2
1531125000, 46.2
1531906250, 45.9
1532687500, 45.3
1533468750, 41.8
1534250000, 41.8
1535031250, 41.8
1535812500, 41.5
1536593750, 44.4
1537375000, 44.4
1538156250, 44.4
1538937500, 44.4
1539718750, 44.5
1540500000, 44.5
1541281250, 44.9
1542062500, 45.2
1542843750, 45.9
1543625000, 45.9
1544406250, 45.2
1545187500, 46.0
1545968750, 46.2
1546750000, 47.1
1547531250, 47.2
1548312500, 47.2
1549093750, 47.2
1549875000, 47.2
1550656250, 47.0
1551437500, 47.0
1552218750, 47.0
1553000000, 47.0
1553781250, 47.0
1554562500, 47.2
1555343750, 47.2
1556125000, 47.2
1556906250, 47.2
1557687500, 46.9
1558468750, 46.3
1559250000, 46.2
1560031250, 45.8
1560812500, 45.5
1561593750, 45.1
1562375000, 44.9
1563156250, 44.9
1563937500, 44.7
1564718750, 44.5
1565500000, 44.4
1566281250, 44.3
1567062500, 44.0
1567843750, 44.0
1568625000, 43.8
1569406250, 43.7
1570187500, 43.6
1570968750, 43.4
1571750000, 43.3
1572531250, 43.2
1573312500, 43.2
1574093750, 43.2
1574875000, 42.1
1575656250, 42.0
1576437500, 42.0
1577218750, 42.0
1578000000, 42.0
1578781250, 42.0
1579562500, 42.1
1580343750, 42.5
1581125000, 42.8
1581906250, 43.1
1582687500, 43.3
1583468750, 43.9
1584250000, 44.1
1585031250, 44.2
1585812500, 44.2
1586593750, 44.2
1587375000, 44.2
1588156250, 44.0
1588937500, 43.9
1589718750, 43.8
1590500000, 43.5
1591281250, 43.5
1592062500, 43.4
1592843750, 43.3
1593625000, 43.3
1594406250, 43.3
1595187500, 43.2
1595968750, 43.2
1596750000, 43.0
1597531250, 43.0
1598312500, 42.9
1599093750, 42.9
1599875000, 42.9
1600656250, 42.9
1601437500, 42.9
1602218750, 43.1
1603000000, 43.1
1603781250, 43.4
1604562500, 43.6
1605343750, 43.6
1606125000, 43.9
1606906250, 44.0
1607687500, 44.2
1608468750, 44.3
1609250000, 44.5
1610031250, 44.5
1610812500, 44.8
1611593750, 44.9
1612375000, 45.0
1613156250, 45.0
1613937500, 45.1
1614718750, 45.1
1615500000, 45.1
1616281250, 45.1
1617062500, 45.1
1617843750, 45.1
1618625000, 44.9
1619406250, 44.8
1620187500, 44.5
1620968750, 44.1
1621750000, 43.6
1622531250, 43.3
1623312500, 43.6
1624093750, 43.6
1624875000, 43.7
1625656250, 43.6
1626437500, 43.6
1627218750, 43.6
1628000000, 43.6
1628781250, 43.6
1629562500, 43.6
1630343750, 43.5
1631125000, 43.5
1631906250, 43.5
1632687500, 43.6
1633468750, 43.6
1634250000, 43.6
1635031250, 43.6
1635812500, 43.7
1636593750, 43.7
1637375000, 43.8
1638156250, 43.8
1638937500, 43.9
1639718750, 44.0
1640500000, 44.0
1641281250, 44.0
1642062500, 44.0
1642843750, 44.1
1643625000, 44.1
1644406250, 44.1
1645187500, 44.0
1645968750, 44.0
1646750000, 43.8
1647531250, 43.8
1648312500, 43.8
1649093750, 43.8
1649875000, 43.8
1650656250, 43.9
1651437500, 43.9
1652218750, 43.9
1653000000, 43.9
1653781250, 43.7
1654562500, 43.7
1655343750, 43.5
1656125000, 43.4
1656906250, 43.4
1657687500, 43.3
1658468750, 43.2
1659250000, 43.2
1660031250, 43.2
1660812500, 43.2
1661593750, 43.3
1662375000, 43.4
1663156250, 43.5
1663937500, 43.8
1664718750, 43.9
1665500000, 44.0
1666281250, 44.1
1667062500, 44.4
1667843750, 44.5
1668625000, 44.5
1669406250, 44.5
1670187500, 44.5
1670968750, 44.5
1671750000, 44.5
1672531250, 44.4
1673312500, 44.0
1674093750, 43.4
1674875000, 42.5
1675656250, 41.6
1676437500, 41.4
1677218750, 41.4
1678000000, 41.4
1678781250, 41.4
1679562500, 41.4
1680343750, 41.6
1681125000, 41.6
1681906250, 41.6
1682687500, 41.6
1683468750, 41.6
1684250000, 41.6
1685031250, 41.6
1685812500, 41.7
1686593750, 41.8
1687375000, 42.1
1688156250, 42.3
1688937500, 42.5
1689718750, 42.9
1690500000, 43.2
1691281250, 43.5
1692062500, 43.8
1692843750, 44.2
1693625000, 44.6
1694406250, 44.8
1695187500, 45.1
1695968750, 45.3
1696750000, 45.5
1697531250, 45.7
1698312500, 45.9
1699093750, 45.9
1699875000, 46.0
1700656250, 46.1
1701437500, 46.2
1702218750, 46.2
1703000000, 46.2
1703781250, 46.1
1704562500, 46.1
1705343750, 46.0
1706125000, 45.8
1706906250, 45.8
1707687500, 45.7
1708468750, 45.5
1709250000, 45.4
1710031250, 45.2
1710812500, 45.2
1711593750, 45.0
1712375000, 44.8
1713156250, 44.7
1713937500, 44.7
1714718750, 44.6
1715500000, 44.5
1716281250, 44.3
1717062500, 44.3
1717843750, 44.3
1718625000, 44.3
1719406250, 44.4
1720187500, 44.7
1720968750, 44.7
1721750000, 44.9
1722531250, 45.3
1723312500, 45.5
1724093750, 45.7
1724875000, 46.2
1725656250, 46.5
1726437500, 47.1
1727218750, 47.2
1728000000, 47.4
1728781250, 47.6
1729562500, 47.8
1730343750, 47.8
1731125000, 47.8
1731906250, 47.8
1732687500, 47.7
1733468750, 47.5
1734250000, 47.3
1735031250, 47.0
1735812500, 46.7
1736593750, 46.4
1737375000, 46.1
1738156250, 45.8
1738937500, 45.5
1739718750, 45.2
1740500000, 45.0
1741281250, 44.8
1742062500, 44.8
1742843750, 44.6
1743625000, 44.6
1744406250, 44.6
1745187500, 44.6
1745968750, 44.7
1746750000, 44.7
1747531250, 44.9
1748312500, 45.0
1749093750, 45.0
1749875000, 45.3
1750656250, 45.3
1751437500, 45.6
1752218750, 45.7
1753000000, 45.9
1753781250, 46.0
1754562500, 46.0
1755343750, 46.1
1756125000, 46.2
1756906250, 46.3
1757687500, 46.3
1758468750, 46.3
1759250000, 46.3
1760031250, 46.3
1760812500, 46.3
1761593750, 46.0
1762375000, 45.8
1763156250, 45.6
1763937500, 45.3
1764718750, 45.0
1765500000, 44.8
1766281250, 44.5
1767062500, 44.0
1767843750, 43.8
1768625000, 43.5
1769406250, 43.3
1770187500, 43.0
1770968750, 42.7
1771750000, 42.5
1772531250, 42.2
1773312500, 41.9
1774093750, 41.9
1774875000, 41.8
1775656250, 41.7
1776437500, 41.6
1777218750, 41.5
1778000000, 41.5
1778781250, 41.5
1779562500, 41.5
1780343750, 41.5
1781125000, 41.5
1781906250, 41.5
1782687500, 41.5
1783468750, 41.5
1784250000, 41.4
1785031250, 41.4
1785812500, 41.4
1786593750, 41.3
1787375000, 41.2
1788156250, 41.1
1788937500, 40.6
1789718750, 40.5
1790500000, 40.4
1791281250, 40.2
1792062500, 39.8
1792843750, 39.5
1793625000, 39.1
1794406250, 38.9
1795187500, 38.6
1795968750, 38.1
1796750000, 38.0
1797531250, 37.7
1798312500, 37.4
1799093750, 37.2
1799875000, 37.1
1800656250, 37.0
1801437500, 37.0
1802218750, 37.0
1803000000, 37.0
1803781250, 37.1
1804562500, 37.1
1805343750, 37.2
1806125000, 37.3
1806906250, 37.4
1807687500, 37.6
1808468750, 37.7
1809250000, 38.0
1810031250, 38.2
1810812500, 38.5
1811593750, 38.8
1812375000, 39.2
1813156250, 39.6
1813937500, 40.0
1814718750, 40.4
1815500000, 40.8
1816281250, 41.0
1817062500, 41.4
1817843750, 41.7
1818625000, 41.9
1819406250, 42.4
1820187500, 42.7
1820968750, 42.7
1821750000, 42.7
1822531250, 42.9
1823312500, 42.7
1824093750, 42.5
1824875000, 42.5
1825656250, 42.4
1826437500, 42.3
1827218750, 41.9
1828000000, 41.3
1828781250, 41.1
1829562500, 41.1
1830343750, 40.9
1831125000, 40.9
1831906250, 40.9
1832687500, 40.9
1833468750, 41.0
1834250000, 41.2
1835031250, 41.5
1835812500, 41.7
1836593750, 42.0
1837375000, 42.0
1838156250, 42.4
1838937500, 43.0
1839718750, 43.0
1840500000, 43.3
1841281250, 43.6
1842062500, 43.9
1842843750, 44.1
1843625000, 44.2
1844406250, 44.2
1845187500, 44.2
1845968750, 44.2
1846750000, 44.2
1847531250, 44.2
1848312500, 44.2
1849093750, 43.9
1849875000, 43.6
1850656250, 43.3
1851437500, 43.3
1852218750, 42.9
1853000000, 42.7
1853781250, 42.4
1854562500, 42.1
1855343750, 41.8
1856125000, 41.5
1856906250, 41.3
1857687500, 41.1
1858468750, 40.7
1859250000, 40.5
1860031250, 40.3
1860812500, 40.2
1861593750, 40.0
1862375000, 39.8
1863156250, 39.7
1863937500, 39.7
1864718750, 39.6
1865500000, 39.5
1866281250, 39.5
1867062500, 39.5
1867843750, 39.5
1868625000, 39.5
1869406250, 39.5
1870187500, 39.5
1870968750, 39.4
1871750000, 39.4
1872531250, 39.3
1873312500, 39.2
1874093750, 39.1
1874875000, 39.0
1875656250, 38.7
1876437500, 38.5
1877218750, 38.3
1878000000, 38.2
1878781250, 37.9
1879562500, 37.7
1880343750, 37.3
1881125000, 37.0
1881906250, 36.9
1882687500, 36.5
1883468750, 36.2
1884250000, 35.8
1885031250, 35.5
1885812500, 35.1
1886593750, 34.8
1887375000, 34.4
1888156250, 33.9
1888937500, 33.7
1889718750, 33.4
1890500000, 32.9
1891281250, 32.5
1892062500, 32.0
1892843750, 31.9
1893625000, 31.4
1894406250, 31.1
1895187500, 30.8
1895968750, 30.6
1896750000, 30.5
1897531250, 30.2
1898312500, 30.1
1899093750, 30.0
1899875000, 29.7
1900656250, 29.7
1901437500, 29.6
1902218750, 29.5
1903000000, 29.3
1903781250, 29.3
1904562500, 29.2
1905343750, 29.1
1906125000, 28.8
1906906250, 28.6
1907687500, 28.3
1908468750, 27.7
1909250000, 27.6
1910031250, 27.2
1910812500, 26.9
1911593750, 26.5
1912375000, 26.2
1913156250, 25.9
1913937500, 25.6
1914718750, 25.4
1915500000, 25.1
1916281250, 24.8
1917062500, 24.6
1917843750, 24.3
1918625000, 24.2
1919406250, 24.0
1920187500, 23.9
1920968750, 23.8
1921750000, 23.8
1922531250, 23.8
1923312500, 23.8
1924093750, 23.8
1924875000, 24.0
1925656250, 24.0
1926437500, 24.1
1927218750, 24.4
1928000000, 24.6
1928781250, 24.9
1929562500, 25.1
1930343750, 25.5
1931125000, 25.8
1931906250, 26.1
1932687500, 26.5
1933468750, 27.0
1934250000, 27.2
1935031250, 27.4
1935812500, 27.9
1936593750, 28.1
1937375000, 28.4
1938156250, 28.6
1938937500, 28.9
1939718750, 28.9
1940500000, 28.9
1941281250, 29.1
1942062500, 29.1
1942843750, 29.1
1943625000, 29.1
1944406250, 29.1
1945187500, 29.1
1945968750, 29.1
1946750000, 29.1
1947531250, 29.2
1948312500, 29.2
1949093750, 29.2
1949875000, 29.2
1950656250, 29.2
1951437500, 29.3
1952218750, 29.3
1953000000, 29.2
1953781250, 29.2
1954562500, 29.2
1955343750, 29.1
1956125000, 29.0
1956906250, 29.0
1957687500, 28.8
1958468750, 28.6
1959250000, 28.3
