#T_nd for A1H (coupler)
#freq [Hz], T_nd [K]
1190500000, 3.3
1191281250, 3.3
1192062500, 3.3
1192843750, 3.3
1193625000, 3.3
1194406250, 3.2
1195187500, 3.2
1195968750, 3.2
1196750000, 3.2
1197531250, 3.2
1198312500, 3.2
1199093750, 3.2
1199875000, 3.2
1200656250, 3.2
1201437500, 3.2
1202218750, 3.2
1203000000, 3.2
1203781250, 3.1
1204562500, 3.1
1205343750, 3.1
1206125000, 3.1
1206906250, 3.1
1207687500, 3.1
1208468750, 3.1
1209250000, 3.1
1210031250, 3.1
1210812500, 3.1
1211593750, 3.1
1212375000, 3.1
1213156250, 3.2
1213937500, 3.2
1214718750, 3.2
1215500000, 3.2
1216281250, 3.2
1217062500, 3.2
1217843750, 3.2
1218625000, 3.2
1219406250, 3.2
1220187500, 3.2
1220968750, 3.2
1221750000, 3.2
1222531250, 3.2
1223312500, 3.2
1224093750, 3.2
1224875000, 3.1
1225656250, 3.1
1226437500, 3.1
1227218750, 3.0
1228000000, 3.0
1228781250, 3.0
1229562500, 3.0
1230343750, 3.0
1231125000, 3.0
1231906250, 3.0
1232687500, 3.0
1233468750, 3.0
1234250000, 3.0
1235031250, 3.0
1235812500, 3.0
1236593750, 3.0
1237375000, 3.0
1238156250, 3.0
1238937500, 3.0
1239718750, 3.0
1240500000, 3.0
1241281250, 3.0
1242062500, 3.0
1242843750, 3.0
1243625000, 3.0
1244406250, 3.0
1245187500, 3.1
1245968750, 3.1
1246750000, 3.1
1247531250, 3.1
1248312500, 3.1
1249093750, 3.1
1249875000, 3.1
1250656250, 3.1
1251437500, 3.1
1252218750, 3.1
1253000000, 3.2
1253781250, 3.2
1254562500, 3.2
1255343750, 3.2
1256125000, 3.2
1256906250, 3.2
1257687500, 3.2
1258468750, 3.2
1259250000, 3.1
1260031250, 3.1
1260812500, 3.1
1261593750, 3.1
1262375000, 3.1
1263156250, 3.1
1263937500, 3.1
1264718750, 3.1
1265500000, 3.1
1266281250, 3.1
1267062500, 3.1
1267843750, 3.1
1268625000, 3.1
1269406250, 3.1
1270187500, 3.1
1270968750, 3.1
1271750000, 3.1
1272531250, 3.0
1273312500, 3.0
1274093750, 3.0
1274875000, 3.0
1275656250, 3.0
1276437500, 2.9
1277218750, 2.9
1278000000, 2.9
1278781250, 2.9
1279562500, 2.9
1280343750, 2.9
1281125000, 2.9
1281906250, 2.9
1282687500, 2.9
1283468750, 3.0
1284250000, 3.0
1285031250, 3.0
1285812500, 3.0
1286593750, 3.0
1287375000, 3.0
1288156250, 3.0
1288937500, 3.0
1289718750, 3.1
1290500000, 3.1
1291281250, 3.1
1292062500, 3.1
1292843750, 3.2
1293625000, 3.2
1294406250, 3.2
1295187500, 3.2
1295968750, 3.2
1296750000, 3.2
1297531250, 3.2
1298312500, 3.1
1299093750, 3.1
1299875000, 3.1
1300656250, 3.1
1301437500, 3.1
1302218750, 3.1
1303000000, 3.1
1303781250, 3.1
1304562500, 3.1
1305343750, 3.1
1306125000, 3.1
1306906250, 3.1
1307687500, 3.1
1308468750, 3.1
1309250000, 3.1
1310031250, 3.1
1310812500, 3.1
1311593750, 3.2
1312375000, 3.2
1313156250, 3.2
1313937500, 3.2
1314718750, 3.2
1315500000, 3.2
1316281250, 3.2
1317062500, 3.2
1317843750, 3.2
1318625000, 3.2
1319406250, 3.2
1320187500, 3.2
1320968750, 3.2
1321750000, 3.2
1322531250, 3.2
1323312500, 3.2
1324093750, 3.2
1324875000, 3.2
1325656250, 3.2
1326437500, 3.2
1327218750, 3.2
1328000000, 3.1
1328781250, 3.1
1329562500, 3.1
1330343750, 3.1
1331125000, 3.1
1331906250, 3.1
1332687500, 3.1
1333468750, 3.1
1334250000, 3.1
1335031250, 3.1
1335812500, 3.0
1336593750, 3.0
1337375000, 3.0
1338156250, 3.0
1338937500, 3.0
1339718750, 3.0
1340500000, 3.0
1341281250, 3.0
1342062500, 3.0
1342843750, 2.9
1343625000, 2.9
1344406250, 2.9
1345187500, 2.9
1345968750, 2.9
1346750000, 2.9
1347531250, 2.9
1348312500, 2.9
1349093750, 2.9
1349875000, 2.9
1350656250, 2.9
1351437500, 2.9
1352218750, 2.9
1353000000, 2.9
1353781250, 2.9
1354562500, 2.9
1355343750, 2.9
1356125000, 2.9
1356906250, 2.9
1357687500, 2.9
1358468750, 2.9
1359250000, 2.9
1360031250, 3.0
1360812500, 3.0
1361593750, 3.0
1362375000, 3.0
1363156250, 3.0
1363937500, 3.1
1364718750, 3.1
1365500000, 3.1
1366281250, 3.1
1367062500, 3.1
1367843750, 3.1
1368625000, 3.2
1369406250, 3.2
1370187500, 3.2
1370968750, 3.2
1371750000, 3.2
1372531250, 3.2
1373312500, 3.2
1374093750, 3.2
1374875000, 3.2
1375656250, 3.2
1376437500, 3.2
1377218750, 3.2
1378000000, 3.2
1378781250, 3.2
1379562500, 3.2
1380343750, 3.2
1381125000, 3.2
1381906250, 3.2
1382687500, 3.2
1383468750, 3.2
1384250000, 3.2
1385031250, 3.2
1385812500, 3.2
1386593750, 3.2
1387375000, 3.2
1388156250, 3.2
1388937500, 3.2
1389718750, 3.3
1390500000, 3.2
1391281250, 3.2
1392062500, 3.3
1392843750, 3.3
1393625000, 3.3
1394406250, 3.3
1395187500, 3.3
1395968750, 3.3
1396750000, 3.3
1397531250, 3.3
1398312500, 3.3
1399093750, 3.3
1399875000, 3.3
1400656250, 3.3
1401437500, 3.3
1402218750, 3.3
1403000000, 3.2
1403781250, 3.2
1404562500, 3.2
1405343750, 3.2
1406125000, 3.2
1406906250, 3.2
1407687500, 3.2
1408468750, 3.2
1409250000, 3.3
1410031250, 3.3
1410812500, 3.3
1411593750, 3.3
1412375000, 3.3
1413156250, 3.3
1413937500, 3.3
1414718750, 3.3
1415500000, 3.3
1416281250, 3.3
1417062500, 3.2
1417843750, 3.2
1418625000, 3.2
1419406250, 3.2
1420187500, 3.2
1420968750, 3.2
1421750000, 3.2
1422531250, 3.2
1423312500, 3.2
1424093750, 3.2
1424875000, 3.2
1425656250, 3.2
1426437500, 3.2
1427218750, 3.1
1428000000, 3.1
1428781250, 3.1
1429562500, 3.1
1430343750, 3.1
1431125000, 3.1
1431906250, 3.1
1432687500, 3.2
1433468750, 3.2
1434250000, 3.2
1435031250, 3.2
1435812500, 3.2
1436593750, 3.2
1437375000, 3.3
1438156250, 3.3
1438937500, 3.3
1439718750, 3.3
1440500000, 3.3
1441281250, 3.3
1442062500, 3.3
1442843750, 3.4
1443625000, 3.4
1444406250, 3.4
1445187500, 3.4
1445968750, 3.4
1446750000, 3.3
1447531250, 3.3
1448312500, 3.3
1449093750, 3.3
1449875000, 3.3
1450656250, 3.4
1451437500, 3.4
1452218750, 3.4
1453000000, 3.5
1453781250, 3.5
1454562500, 3.5
1455343750, 3.5
1456125000, 3.5
1456906250, 3.5
1457687500, 3.5
1458468750, 3.5
1459250000, 3.5
1460031250, 3.5
1460812500, 3.5
1461593750, 3.5
1462375000, 3.5
1463156250, 3.5
1463937500, 3.5
1464718750, 3.5
1465500000, 3.5
1466281250, 3.5
1467062500, 3.5
1467843750, 3.5
1468625000, 3.5
1469406250, 3.5
1470187500, 3.5
1470968750, 3.5
1471750000, 3.4
1472531250, 3.2
1473312500, 3.2
1474093750, 3.2
1474875000, 3.2
1475656250, 3.2
1476437500, 3.2
1477218750, 3.2
1478000000, 3.4
1478781250, 3.4
1479562500, 3.4
1480343750, 3.4
1481125000, 3.4
1481906250, 3.4
1482687500, 3.4
1483468750, 3.4
1484250000, 3.4
1485031250, 3.4
1485812500, 3.4
1486593750, 3.4
1487375000, 3.4
1488156250, 3.4
1488937500, 3.4
1489718750, 3.4
1490500000, 3.4
1491281250, 3.4
1492062500, 3.4
1492843750, 3.4
1493625000, 3.4
1494406250, 3.4
1495187500, 3.4
1495968750, 3.4
1496750000, 3.4
1497531250, 3.4
1498312500, 3.4
1499093750, 3.4
1499875000, 3.4
1500656250, 3.4
1501437500, 3.4
1502218750, 3.4
1503000000, 3.4
1503781250, 3.4
1504562500, 3.4
1505343750, 3.4
1506125000, 3.4
1506906250, 3.4
1507687500, 3.4
1508468750, 3.4
1509250000, 3.4
1510031250, 3.4
1510812500, 3.4
1511593750, 3.4
1512375000, 3.4
1513156250, 3.4
1513937500, 3.4
1514718750, 3.3
1515500000, 3.3
1516281250, 3.3
1517062500, 3.3
1517843750, 3.3
1518625000, 3.3
1519406250, 3.3
1520187500, 3.3
1520968750, 3.3
1521750000, 3.3
1522531250, 3.3
1523312500, 3.3
1524093750, 3.3
1524875000, 3.3
1525656250, 3.3
1526437500, 3.3
1527218750, 3.3
1528000000, 3.3
1528781250, 3.3
1529562500, 3.3
1530343750, 3.3
1531125000, 3.3
1531906250, 3.3
1532687500, 3.3
1533468750, 3.3
1534250000, 3.3
1535031250, 3.3
1535812500, 3.3
1536593750, 3.3
1537375000, 3.3
1538156250, 3.4
1538937500, 3.4
1539718750, 3.4
1540500000, 3.4
1541281250, 3.4
1542062500, 3.4
1542843750, 3.4
1543625000, 3.4
1544406250, 3.4
1545187500, 3.4
1545968750, 3.4
1546750000, 3.4
1547531250, 3.4
1548312500, 3.4
1549093750, 3.4
1549875000, 3.4
1550656250, 3.4
1551437500, 3.4
1552218750, 3.4
1553000000, 3.4
1553781250, 3.4
1554562500, 3.4
1555343750, 3.4
1556125000, 3.3
1556906250, 3.4
1557687500, 3.3
1558468750, 3.3
1559250000, 3.4
1560031250, 3.3
1560812500, 3.3
1561593750, 3.3
1562375000, 3.3
1563156250, 3.3
1563937500, 3.3
1564718750, 3.3
1565500000, 3.3
1566281250, 3.3
1567062500, 3.3
1567843750, 3.3
1568625000, 3.3
1569406250, 3.3
1570187500, 3.3
1570968750, 3.3
1571750000, 3.3
1572531250, 3.3
1573312500, 3.2
1574093750, 3.2
1574875000, 3.2
1575656250, 3.2
1576437500, 3.2
1577218750, 3.2
1578000000, 3.2
1578781250, 3.2
1579562500, 3.2
1580343750, 3.2
1581125000, 3.3
1581906250, 3.3
1582687500, 3.3
1583468750, 3.3
1584250000, 3.3
1585031250, 3.3
1585812500, 3.3
1586593750, 3.3
1587375000, 3.3
1588156250, 3.3
1588937500, 3.3
1589718750, 3.3
1590500000, 3.3
1591281250, 3.3
1592062500, 3.3
1592843750, 3.3
1593625000, 3.3
1594406250, 3.3
1595187500, 3.3
1595968750, 3.3
1596750000, 3.3
1597531250, 3.3
1598312500, 3.3
1599093750, 3.3
1599875000, 3.3
1600656250, 3.3
1601437500, 3.3
1602218750, 3.3
1603000000, 3.3
1603781250, 3.3
1604562500, 3.3
1605343750, 3.3
1606125000, 3.4
1606906250, 3.4
1607687500, 3.4
1608468750, 3.4
1609250000, 3.4
1610031250, 3.4
1610812500, 3.4
1611593750, 3.4
1612375000, 3.5
1613156250, 3.5
1613937500, 3.5
1614718750, 3.5
1615500000, 3.5
1616281250, 3.5
1617062500, 3.5
1617843750, 3.5
1618625000, 3.5
1619406250, 3.5
1620187500, 3.4
1620968750, 3.4
1621750000, 3.5
1622531250, 3.4
1623312500, 3.4
1624093750, 3.4
1624875000, 3.4
1625656250, 3.4
1626437500, 3.4
1627218750, 3.4
1628000000, 3.4
1628781250, 3.4
1629562500, 3.4
1630343750, 3.4
1631125000, 3.3
1631906250, 3.3
1632687500, 3.3
1633468750, 3.3
1634250000, 3.3
1635031250, 3.3
1635812500, 3.3
1636593750, 3.3
1637375000, 3.3
1638156250, 3.3
1638937500, 3.3
1639718750, 3.3
1640500000, 3.3
1641281250, 3.3
1642062500, 3.3
1642843750, 3.3
1643625000, 3.3
1644406250, 3.3
1645187500, 3.3
1645968750, 3.3
1646750000, 3.4
1647531250, 3.4
1648312500, 3.4
1649093750, 3.4
1649875000, 3.4
1650656250, 3.4
1651437500, 3.4
1652218750, 3.4
1653000000, 3.4
1653781250, 3.4
1654562500, 3.4
1655343750, 3.4
1656125000, 3.4
1656906250, 3.4
1657687500, 3.4
1658468750, 3.4
1659250000, 3.4
1660031250, 3.4
1660812500, 3.4
1661593750, 3.4
1662375000, 3.4
1663156250, 3.4
1663937500, 3.4
1664718750, 3.4
1665500000, 3.4
1666281250, 3.4
1667062500, 3.4
1667843750, 3.4
1668625000, 3.4
1669406250, 3.4
1670187500, 3.4
1670968750, 3.4
1671750000, 3.4
1672531250, 3.4
1673312500, 3.4
1674093750, 3.4
1674875000, 3.4
1675656250, 3.4
1676437500, 3.4
1677218750, 3.4
1678000000, 3.4
1678781250, 3.4
1679562500, 3.4
1680343750, 3.4
1681125000, 3.4
1681906250, 3.3
1682687500, 3.3
1683468750, 3.3
1684250000, 3.3
1685031250, 3.3
1685812500, 3.3
1686593750, 3.3
1687375000, 3.3
1688156250, 3.4
1688937500, 3.4
1689718750, 3.4
1690500000, 3.4
1691281250, 3.3
1692062500, 3.4
1692843750, 3.4
1693625000, 3.4
1694406250, 3.4
1695187500, 3.3
1695968750, 3.3
1696750000, 3.3
1697531250, 3.3
1698312500, 3.3
1699093750, 3.4
1699875000, 3.4
1700656250, 3.4
1701437500, 3.4
1702218750, 3.4
1703000000, 3.4
1703781250, 3.4
1704562500, 3.4
1705343750, 3.4
1706125000, 3.4
1706906250, 3.4
1707687500, 3.4
1708468750, 3.3
1709250000, 3.3
1710031250, 3.3
1710812500, 3.3
1711593750, 3.3
1712375000, 3.3
1713156250, 3.3
1713937500, 3.3
1714718750, 3.3
1715500000, 3.3
1716281250, 3.3
1717062500, 3.3
1717843750, 3.3
1718625000, 3.3
1719406250, 3.3
1720187500, 3.3
1720968750, 3.3
1721750000, 3.3
1722531250, 3.3
1723312500, 3.3
1724093750, 3.3
1724875000, 3.3
1725656250, 3.3
1726437500, 3.3
1727218750, 3.3
1728000000, 3.3
1728781250, 3.3
1729562500, 3.3
1730343750, 3.3
1731125000, 3.3
1731906250, 3.3
1732687500, 3.3
1733468750, 3.3
1734250000, 3.2
1735031250, 3.2
1735812500, 3.2
1736593750, 3.2
1737375000, 3.2
1738156250, 3.2
1738937500, 3.2
1739718750, 3.2
1740500000, 3.2
1741281250, 3.2
1742062500, 3.2
1742843750, 3.2
1743625000, 3.2
1744406250, 3.2
1745187500, 3.2
1745968750, 3.2
1746750000, 3.2
1747531250, 3.2
1748312500, 3.2
1749093750, 3.2
1749875000, 3.2
1750656250, 3.2
1751437500, 3.2
1752218750, 3.2
1753000000, 3.2
1753781250, 3.2
1754562500, 3.2
1755343750, 3.2
1756125000, 3.2
1756906250, 3.2
1757687500, 3.2
1758468750, 3.2
1759250000, 3.2
1760031250, 3.2
1760812500, 3.2
1761593750, 3.2
1762375000, 3.2
1763156250, 3.1
1763937500, 3.1
1764718750, 3.1
1765500000, 3.2
1766281250, 3.2
1767062500, 3.1
1767843750, 3.1
1768625000, 3.1
1769406250, 3.1
1770187500, 3.1
1770968750, 3.1
1771750000, 3.1
1772531250, 3.1
1773312500, 3.1
1774093750, 3.1
1774875000, 3.1
1775656250, 3.1
1776437500, 3.1
1777218750, 3.1
1778000000, 3.1
1778781250, 3.1
1779562500, 3.1
1780343750, 3.1
1781125000, 3.1
1781906250, 3.1
1782687500, 3.1
1783468750, 3.1
1784250000, 3.1
1785031250, 3.1
1785812500, 3.1
1786593750, 3.1
1787375000, 3.1
1788156250, 3.1
1788937500, 3.1
1789718750, 3.1
1790500000, 3.1
1791281250, 3.1
1792062500, 3.1
1792843750, 3.1
1793625000, 3.1
1794406250, 3.1
1795187500, 3.1
1795968750, 3.1
1796750000, 3.0
1797531250, 3.0
1798312500, 3.0
1799093750, 3.0
1799875000, 3.0
1800656250, 3.0
1801437500, 3.0
1802218750, 3.0
1803000000, 3.0
1803781250, 3.0
1804562500, 3.0
1805343750, 3.0
1806125000, 3.0
1806906250, 3.0
1807687500, 3.0
1808468750, 3.0
1809250000, 3.0
1810031250, 3.0
1810812500, 3.0
1811593750, 3.0
1812375000, 3.0
1813156250, 3.0
1813937500, 3.0
1814718750, 3.0
1815500000, 3.0
1816281250, 3.0
1817062500, 3.0
1817843750, 3.0
1818625000, 3.0
1819406250, 3.0
1820187500, 3.0
1820968750, 3.0
1821750000, 3.0
1822531250, 3.0
1823312500, 3.0
1824093750, 3.0
1824875000, 3.0
1825656250, 3.0
1826437500, 3.0
1827218750, 3.0
1828000000, 3.0
1828781250, 3.0
1829562500, 3.0
1830343750, 2.9
1831125000, 2.9
1831906250, 2.9
1832687500, 2.9
1833468750, 2.9
1834250000, 2.9
1835031250, 2.9
1835812500, 2.9
1836593750, 2.9
1837375000, 2.9
1838156250, 2.9
1838937500, 2.9
1839718750, 2.9
1840500000, 2.9
1841281250, 2.9
1842062500, 2.9
1842843750, 2.9
1843625000, 2.9
1844406250, 2.9
1845187500, 2.9
1845968750, 2.9
1846750000, 2.9
1847531250, 2.9
1848312500, 2.9
1849093750, 2.9
1849875000, 2.8
1850656250, 2.8
1851437500, 2.8
1852218750, 2.8
1853000000, 2.8
1853781250, 2.8
1854562500, 2.8
1855343750, 2.8
1856125000, 2.8
1856906250, 2.8
1857687500, 2.8
1858468750, 2.8
1859250000, 2.8
1860031250, 2.8
1860812500, 2.8
1861593750, 2.8
1862375000, 2.8
1863156250, 2.8
1863937500, 2.8
1864718750, 2.8
1865500000, 2.7
1866281250, 2.7
1867062500, 2.7
1867843750, 2.7
1868625000, 2.7
1869406250, 2.7
1870187500, 2.7
1870968750, 2.7
1871750000, 2.6
1872531250, 2.6
1873312500, 2.6
1874093750, 2.6
1874875000, 2.6
1875656250, 2.6
1876437500, 2.6
1877218750, 2.6
1878000000, 2.6
1878781250, 2.6
1879562500, 2.6
1880343750, 2.6
1881125000, 2.6
1881906250, 2.6
1882687500, 2.6
1883468750, 2.6
1884250000, 2.6
1885031250, 2.5
1885812500, 2.5
1886593750, 2.5
1887375000, 2.5
1888156250, 2.5
1888937500, 2.5
1889718750, 2.4
1890500000, 2.4
1891281250, 2.4
1892062500, 2.4
1892843750, 2.4
1893625000, 2.4
1894406250, 2.4
1895187500, 2.4
1895968750, 2.3
1896750000, 2.3
1897531250, 2.3
1898312500, 2.3
1899093750, 2.3
1899875000, 2.3
1900656250, 2.3
1901437500, 2.2
1902218750, 2.2
1903000000, 2.2
1903781250, 2.2
1904562500, 2.2
1905343750, 2.2
1906125000, 2.2
1906906250, 2.2
1907687500, 2.1
1908468750, 2.1
1909250000, 2.1
1910031250, 2.1
1910812500, 2.1
1911593750, 2.1
1912375000, 2.1
1913156250, 2.0
1913937500, 2.0
1914718750, 2.0
1915500000, 2.0
1916281250, 1.9
1917062500, 1.9
1917843750, 1.9
1918625000, 1.8
1919406250, 1.8
1920187500, 1.8
1920968750, 1.8
1921750000, 1.8
1922531250, 1.8
1923312500, 1.8
1924093750, 1.8
1924875000, 1.8
1925656250, 1.7
1926437500, 1.7
1927218750, 1.7
1928000000, 1.7
1928781250, 1.7
1929562500, 1.6
1930343750, 1.6
1931125000, 1.6
1931906250, 1.6
1932687500, 1.6
1933468750, 1.6
1934250000, 1.6
1935031250, 1.6
1935812500, 1.6
1936593750, 1.6
1937375000, 1.6
1938156250, 1.5
1938937500, 1.5
1939718750, 1.5
1940500000, 1.5
1941281250, 1.5
1942062500, 1.5
1942843750, 1.5
1943625000, 1.4
1944406250, 1.4
1945187500, 1.4
1945968750, 1.4
1946750000, 1.4
1947531250, 1.4
1948312500, 1.4
1949093750, 1.4
1949875000, 1.4
1950656250, 1.4
1951437500, 1.4
1952218750, 1.4
1953000000, 1.4
1953781250, 1.4
1954562500, 1.4
1955343750, 1.4
1956125000, 1.4
1956906250, 1.4
1957687500, 1.4
1958468750, 1.4
1959250000, 1.4
