#T_nd for A3H (pin)
#freq [Hz], T_nd [K]
1190562500, 51.106
1191343750, 50.880
1192125000, 50.653
1192906250, 50.508
1193687500, 50.508
1194468750, 50.508
1195250000, 50.508
1196031250, 50.508
1196812500, 50.508
1197593750, 50.562
1198375000, 50.673
1199156250, 50.686
1199937500, 50.756
1200718750, 51.047
1201500000, 51.179
1202281250, 51.288
1203062500, 51.288
1203843750, 51.288
1204625000, 51.333
1205406250, 51.407
1206187500, 51.440
1206968750, 51.454
1207750000, 51.454
1208531250, 51.454
1209312500, 51.415
1210093750, 51.368
1210875000, 51.368
1211656250, 51.368
1212437500, 51.368
1213218750, 51.339
1214000000, 51.107
1214781250, 50.949
1215562500, 50.713
1216343750, 50.306
1217125000, 50.115
1217906250, 49.808
1218687500, 49.646
1219468750, 49.638
1220250000, 49.598
1221031250, 49.587
1221812500, 49.525
1222593750, 49.446
1223375000, 49.431
1224156250, 49.322
1224937500, 49.322
1225718750, 49.322
1226500000, 49.322
1227281250, 49.322
1228062500, 49.446
1228843750, 50.188
1229625000, 50.478
1230406250, 50.734
1231187500, 51.044
1231968750, 51.307
1232750000, 51.676
1233531250, 51.848
1234312500, 52.241
1235093750, 52.423
1235875000, 52.555
1236656250, 52.742
1237437500, 52.876
1238218750, 53.143
1239000000, 53.186
1239781250, 53.186
1240562500, 53.186
1241343750, 53.186
1242125000, 53.186
1242906250, 53.186
1243687500, 52.781
1244468750, 52.591
1245250000, 52.447
1246031250, 52.428
1246812500, 52.428
1247593750, 52.428
1248375000, 52.428
1249156250, 52.447
1249937500, 52.591
1250718750, 52.618
1251500000, 52.634
1252281250, 52.670
1253062500, 52.671
1253843750, 52.710
1254625000, 52.834
1255406250, 52.980
1256187500, 53.285
1256968750, 53.432
1257750000, 53.682
1258531250, 54.066
1259312500, 54.376
1260093750, 54.837
1260875000, 55.199
1261656250, 55.505
1262437500, 55.659
1263218750, 56.006
1264000000, 56.449
1264781250, 56.530
1265562500, 56.606
1266343750, 56.606
1267125000, 56.606
1267906250, 56.606
1268687500, 56.606
1269468750, 56.606
1270250000, 56.533
1271031250, 56.374
1271812500, 56.331
1272593750, 56.132
1273375000, 55.983
1274156250, 55.956
1274937500, 55.734
1275718750, 55.726
1276500000, 55.471
1277281250, 55.331
1278062500, 55.196
1278843750, 55.170
1279625000, 55.170
1280406250, 55.170
1281187500, 55.170
1281968750, 55.170
1282750000, 55.170
1283531250, 55.233
1284312500, 55.404
1285093750, 55.719
1285875000, 55.992
1286656250, 56.351
1287437500, 56.879
1288218750, 57.314
1289000000, 57.822
1289781250, 58.279
1290562500, 58.684
1291343750, 59.086
1292125000, 59.488
1292906250, 60.030
1293687500, 60.251
1294468750, 60.498
1295250000, 60.770
1296031250, 60.770
1296812500, 60.770
1297593750, 60.770
1298375000, 60.770
1299156250, 60.770
1299937500, 60.196
1300718750, 59.703
1301500000, 58.779
1302281250, 57.604
1303062500, 56.488
1303843750, 55.384
1304625000, 54.465
1305406250, 53.725
1306187500, 53.153
1306968750, 52.741
1307750000, 52.390
1308531250, 52.229
1309312500, 52.229
1310093750, 52.229
1310875000, 52.229
1311656250, 52.229
1312437500, 52.229
1313218750, 52.511
1314000000, 52.672
1314781250, 52.887
1315562500, 53.165
1316343750, 53.502
1317125000, 53.801
1317906250, 54.091
1318687500, 54.160
1319468750, 54.160
1320250000, 54.160
1321031250, 54.160
1321812500, 54.160
1322593750, 54.160
1323375000, 54.159
1324156250, 53.828
1324937500, 53.446
1325718750, 53.021
1326500000, 52.510
1327281250, 52.188
1328062500, 51.230
1328718750, 50.866
1329500000, 50.461
1330281250, 50.016
1331062500, 49.543
1331843750, 49.189
1332625000, 49.189
1333406250, 48.886
1334187500, 48.565
1334968750, 48.245
1335750000, 47.865
1336531250, 47.797
1337312500, 47.575
1338093750, 47.404
1338875000, 47.403
1339656250, 47.403
1340437500, 47.403
1341218750, 47.403
1342000000, 47.403
1342781250, 47.404
1343562500, 47.475
1344343750, 47.635
1345125000, 47.828
1345906250, 47.903
1346687500, 48.161
1347468750, 48.313
1348250000, 48.313
1349031250, 48.313
1349812500, 48.313
1350593750, 48.313
1351375000, 48.313
1352156250, 48.312
1352937500, 48.054
1353718750, 47.932
1354500000, 47.582
1355281250, 47.252
1356062500, 46.930
1356843750, 46.467
1357625000, 46.151
1358406250, 45.788
1359187500, 45.384
1359968750, 45.061
1360750000, 44.753
1361531250, 44.416
1362312500, 44.266
1363093750, 44.127
1363875000, 43.903
1364656250, 43.903
1365437500, 43.903
1366218750, 43.903
1367000000, 43.903
1367781250, 43.903
1368562500, 44.015
1369343750, 44.220
1370125000, 44.303
1370906250, 44.618
1371687500, 44.795
1372468750, 45.050
1373250000, 45.348
1374031250, 45.608
1374812500, 45.868
1375593750, 46.104
1376375000, 46.241
1377156250, 46.383
1377937500, 46.428
1378718750, 46.499
1379500000, 46.501
1380281250, 46.629
1381062500, 46.629
1381843750, 46.629
1382625000, 46.629
1383406250, 46.629
1384187500, 46.629
1384968750, 46.629
1385750000, 46.574
1386531250, 46.574
1387312500, 46.574
1388093750, 46.574
1388875000, 46.574
1389656250, 46.580
1390437500, 46.669
1391218750, 46.751
1392000000, 46.896
1392781250, 46.973
1393562500, 46.983
1394343750, 47.196
1395125000, 47.342
1395906250, 47.443
1396687500, 47.503
1397468750, 47.552
1398250000, 47.575
1399031250, 47.648
1399812500, 47.726
1400593750, 47.842
1401375000, 47.868
1402156250, 47.953
1402937500, 47.999
1403718750, 48.029
1404500000, 48.056
1405281250, 48.056
1406062500, 48.056
1406843750, 48.057
1407625000, 48.057
1408406250, 48.057
1409187500, 48.057
1409968750, 48.039
1410750000, 48.012
1411531250, 47.966
1412312500, 47.952
1413093750, 47.927
1413875000, 47.862
1414656250, 47.798
1415437500, 47.793
1416218750, 47.659
1417000000, 47.634
1417781250, 47.573
1418562500, 47.525
1419343750, 47.452
1420125000, 47.452
1420906250, 47.452
1421687500, 47.452
1422468750, 47.452
1423250000, 47.452
1424031250, 47.566
1424812500, 47.667
1425593750, 47.790
1426375000, 48.089
1427156250, 48.212
1427937500, 48.506
1428718750, 48.667
1429500000, 48.961
1430281250, 49.231
1431062500, 49.528
1431843750, 49.853
1432625000, 50.088
1433406250, 50.386
1434187500, 50.671
1434968750, 50.991
1435750000, 51.099
1436531250, 51.336
1437312500, 51.616
1438093750, 51.799
1438875000, 51.929
1439656250, 52.110
1440437500, 52.276
1441218750, 52.446
1442000000, 52.614
1442781250, 52.764
1443562500, 52.802
1444343750, 53.104
1445125000, 53.361
1445906250, 53.480
1446687500, 53.765
1447468750, 53.974
1448250000, 54.136
1449031250, 54.520
1449812500, 54.640
1450593750, 54.988
1451375000, 55.263
1452156250, 55.587
1452937500, 55.871
1453718750, 56.344
1454500000, 56.827
1455281250, 57.141
1456062500, 57.537
1456718750, 57.537
1457500000, 57.537
1458281250, 57.537
1459062500, 57.537
1459843750, 57.537
1460625000, 57.485
1461406250, 56.972
1462187500, 56.514
1462968750, 56.055
1463750000, 55.456
1464531250, 54.930
1465312500, 54.660
1466093750, 54.442
1466875000, 54.143
1467656250, 53.878
1468437500, 53.688
1469218750, 53.652
1470000000, 53.393
1470781250, 53.174
1471562500, 52.948
1472343750, 45.747
1473125000, 45.747
1473906250, 45.747
1474687500, 45.747
1475468750, 45.747
1476250000, 45.747
1477031250, 51.060
1477812500, 51.060
1478593750, 51.060
1479375000, 51.060
1480156250, 51.060
1480937500, 51.060
1481718750, 50.914
1482500000, 50.914
1483281250, 50.914
1484062500, 50.914
1484843750, 50.914
1485625000, 50.914
1486406250, 50.951
1487187500, 51.183
1487968750, 51.440
1488750000, 51.726
1489531250, 51.759
1490312500, 52.038
1491093750, 52.667
1491875000, 52.807
1492656250, 52.966
1493437500, 53.147
1494218750, 53.147
1495000000, 53.147
1495781250, 53.147
1496562500, 53.147
1497343750, 53.147
1498125000, 52.949
1498906250, 52.668
1499687500, 52.256
1500468750, 52.001
1501250000, 51.734
1502031250, 51.337
1502812500, 50.878
1503593750, 50.559
1504375000, 50.287
1505156250, 49.844
1505937500, 49.427
1506718750, 49.222
1507500000, 48.847
1508281250, 48.681
1509062500, 48.335
1509843750, 48.163
1510625000, 48.002
1511406250, 47.935
1512187500, 47.924
1512968750, 47.924
1513750000, 47.924
1514531250, 47.924
1515312500, 47.924
1516093750, 47.922
1516875000, 47.924
1517656250, 48.023
1518437500, 48.124
1519218750, 48.271
1520000000, 48.331
1520781250, 48.331
1521562500, 48.331
1522343750, 48.331
1523125000, 48.331
1523906250, 48.202
1524687500, 48.202
1525468750, 48.011
1526250000, 47.868
1527031250, 47.694
1527812500, 47.280
1528593750, 46.352
1529375000, 46.211
1530156250, 46.211
1530937500, 46.159
1531718750, 45.460
1532500000, 44.857
1533281250, 44.689
1534062500, 44.366
1534843750, 43.915
1535625000, 43.699
1536406250, 43.128
1537187500, 43.101
1537968750, 43.070
1538750000, 42.885
1539531250, 42.420
1540312500, 42.420
1541093750, 42.330
1541875000, 42.242
1542656250, 42.242
1543437500, 42.242
1544218750, 42.330
1545000000, 42.406
1545781250, 42.406
1546562500, 42.406
1547343750, 42.420
1548125000, 42.406
1548906250, 42.397
1549687500, 42.397
1550468750, 42.397
1551250000, 42.377
1552031250, 42.228
1552812500, 42.088
1553593750, 42.024
1554375000, 41.798
1555156250, 41.651
1555937500, 41.415
1556718750, 41.401
1557500000, 41.039
1558281250, 41.039
1559062500, 40.834
1559843750, 40.496
1560625000, 39.956
1561406250, 39.674
1562187500, 39.541
1562968750, 39.231
1563750000, 38.845
1564531250, 38.465
1565312500, 38.049
1566093750, 37.761
1566875000, 37.547
1567656250, 37.540
1568437500, 37.514
1569218750, 37.487
1570000000, 37.425
1570781250, 37.332
1571562500, 37.278
1572343750, 37.104
1573125000, 36.987
1573906250, 36.987
1574687500, 36.987
1575468750, 36.987
1576250000, 36.987
1577031250, 36.987
1577812500, 37.274
1578593750, 37.441
1579375000, 37.441
1580156250, 37.441
1580937500, 37.441
1581718750, 37.441
1582500000, 37.441
1583281250, 37.343
1584062500, 37.137
1584718750, 37.117
1585500000, 37.066
1586281250, 36.994
1587062500, 36.956
1587843750, 36.937
1588625000, 36.926
1589406250, 36.835
1590187500, 36.694
1590968750, 36.549
1591750000, 36.206
1592531250, 36.132
1593312500, 36.128
1594093750, 36.098
1594875000, 35.876
1595656250, 35.871
1596437500, 35.783
1597218750, 35.773
1598000000, 35.755
1598781250, 35.737
1599562500, 35.689
1600343750, 35.651
1601125000, 35.484
1601906250, 35.484
1602687500, 35.651
1603468750, 35.651
1604250000, 35.651
1605031250, 35.755
1605812500, 36.128
1606593750, 36.722
1607375000, 37.150
1608156250, 37.529
1608937500, 37.770
1609718750, 37.772
1610500000, 38.014
1611281250, 38.025
1612062500, 38.068
1612843750, 38.115
1613625000, 38.173
1614406250, 38.220
1615187500, 38.229
1615968750, 38.229
1616750000, 38.229
1617531250, 38.229
1618312500, 38.220
1619093750, 38.229
1619875000, 38.191
1620656250, 38.173
1621437500, 38.191
1622218750, 38.191
1623000000, 38.191
1623781250, 38.191
1624562500, 38.346
1625343750, 38.353
1626125000, 38.629
1626906250, 38.705
1627687500, 38.908
1628468750, 39.032
1629250000, 39.243
1630031250, 39.492
1630812500, 39.784
1631593750, 40.014
1632375000, 40.245
1633156250, 40.498
1633937500, 40.753
1634718750, 40.852
1635500000, 41.016
1636281250, 41.410
1637062500, 41.637
1637843750, 41.740
1638625000, 41.937
1639406250, 42.180
1640187500, 42.610
1640968750, 42.659
1641750000, 42.712
1642531250, 42.950
1643312500, 43.001
1644093750, 43.001
1644875000, 43.001
1645656250, 43.001
1646437500, 43.001
1647218750, 43.187
1648000000, 43.306
1648781250, 43.187
1649562500, 43.187
1650343750, 43.187
1651125000, 43.187
1651906250, 43.187
1652687500, 43.326
1653468750, 43.331
1654250000, 43.361
1655031250, 43.364
1655812500, 43.393
1656593750, 43.403
1657375000, 43.510
1658156250, 43.521
1658937500, 43.676
1659718750, 43.721
1660500000, 43.799
1661281250, 44.013
1662062500, 44.271
1662843750, 44.420
1663625000, 44.757
1664406250, 44.921
1665187500, 44.985
1665968750, 44.985
1666750000, 44.985
1667531250, 44.985
1668312500, 44.985
1669093750, 44.985
1669875000, 44.556
1670656250, 44.060
1671437500, 43.071
1672218750, 41.520
1673000000, 39.259
1673781250, 39.259
1674562500, 39.259
1675343750, 39.259
1676125000, 39.259
1676906250, 39.259
1677687500, 41.319
1678468750, 46.590
1679250000, 49.331
1680031250, 50.660
1680812500, 51.634
1681593750, 51.894
1682375000, 52.192
1683156250, 52.203
1683937500, 52.283
1684718750, 52.313
1685500000, 52.425
1686281250, 52.622
1687062500, 52.787
1687843750, 53.038
1688625000, 53.247
1689406250, 53.700
1690187500, 54.022
1690968750, 54.325
1691750000, 54.662
1692531250, 55.177
1693312500, 55.647
1694093750, 56.105
1694875000, 56.481
1695656250, 56.759
1696437500, 57.264
1697218750, 57.512
1698000000, 57.819
1698781250, 57.823
1699562500, 58.017
1700343750, 58.135
1701125000, 58.135
1701906250, 58.135
1702687500, 58.135
1703468750, 58.135
1704250000, 58.135
1705031250, 58.084
1705812500, 57.885
1706593750, 57.653
1707375000, 57.519
1708156250, 57.183
1708937500, 56.922
1709718750, 56.750
1710500000, 56.404
1711281250, 56.331
1712062500, 56.093
1712718750, 55.931
1713500000, 55.819
1714281250, 55.688
1715062500, 55.688
1715843750, 55.688
1716625000, 55.688
1717406250, 55.688
1718187500, 55.688
1718968750, 55.718
1719750000, 55.740
1720531250, 56.007
1721312500, 56.296
1722093750, 56.730
1722875000, 56.862
1723656250, 57.251
1724437500, 57.575
1725218750, 57.963
1726000000, 58.047
1726781250, 58.570
1727562500, 58.709
1728343750, 58.709
1729125000, 58.709
1729906250, 58.709
1730687500, 58.709
1731468750, 58.709
1732250000, 58.441
1733031250, 58.137
1733812500, 57.690
1734593750, 56.992
1735375000, 56.505
1736156250, 56.086
1736937500, 55.579
1737718750, 55.031
1738500000, 54.805
1739281250, 54.258
1740062500, 53.888
1740843750, 53.415
1741625000, 53.296
1742406250, 52.968
1743187500, 52.794
1743968750, 52.794
1744750000, 52.794
1745531250, 52.794
1746312500, 52.794
1747093750, 52.794
1747875000, 52.859
1748656250, 52.998
1749437500, 53.145
1750218750, 53.230
1751000000, 53.344
1751781250, 53.394
1752562500, 53.394
1753343750, 53.394
1754125000, 53.394
1754906250, 53.394
1755687500, 53.394
1756468750, 53.286
1757250000, 53.235
1758031250, 52.894
1758812500, 52.881
1759593750, 52.773
1760375000, 52.544
1761156250, 52.082
1761937500, 51.704
1762718750, 51.246
1763500000, 50.846
1764281250, 50.540
1765062500, 50.070
1765843750, 49.674
1766625000, 49.248
1767406250, 48.960
1768187500, 48.898
1768968750, 48.366
1769750000, 48.098
1770531250, 48.048
1771312500, 47.848
1772093750, 47.676
1772875000, 47.593
1773656250, 47.543
1774437500, 47.306
1775218750, 47.306
1776000000, 47.306
1776781250, 47.305
1777562500, 47.305
1778343750, 47.217
1779125000, 47.275
1779906250, 47.305
1780687500, 47.275
1781468750, 47.275
1782250000, 47.275
1783031250, 47.275
1783812500, 47.139
1784593750, 47.084
1785375000, 46.956
1786156250, 46.911
1786937500, 46.893
1787718750, 46.785
1788500000, 46.465
1789281250, 46.380
1790062500, 46.169
1790843750, 45.897
1791625000, 45.568
1792406250, 45.311
1793187500, 44.692
1793968750, 44.327
1794750000, 43.909
1795531250, 43.416
1796312500, 42.959
1797093750, 42.572
1797875000, 42.119
1798656250, 41.792
1799437500, 41.427
1800218750, 40.898
1801000000, 40.753
1801781250, 40.429
1802562500, 40.225
1803343750, 39.974
1804125000, 39.733
1804906250, 39.579
1805687500, 39.301
1806468750, 39.242
1807250000, 39.052
1808031250, 38.964
1808812500, 38.949
1809593750, 38.907
1810375000, 38.863
1811156250, 38.621
1811937500, 38.509
1812718750, 38.460
1813500000, 38.364
1814281250, 38.224
1815062500, 38.110
1815843750, 38.108
1816625000, 37.817
1817406250, 37.668
1818187500, 37.566
1818968750, 37.369
1819750000, 37.272
1820531250, 37.185
1821312500, 36.951
1822093750, 36.840
1822875000, 36.583
1823656250, 36.421
1824437500, 36.278
1825218750, 36.050
1826000000, 36.039
1826781250, 35.645
1827562500, 35.499
1828343750, 35.252
1829125000, 35.124
1829906250, 35.047
1830687500, 34.769
1831468750, 34.595
1832250000, 34.517
1833031250, 34.471
1833812500, 34.471
1834593750, 34.471
1835375000, 34.471
1836156250, 34.471
1836937500, 34.517
1837718750, 34.549
1838500000, 34.644
1839281250, 34.750
1840062500, 34.761
1840718750, 34.844
1841500000, 34.992
1842281250, 35.033
1843062500, 35.255
1843843750, 35.382
1844625000, 35.508
1845406250, 35.580
1846187500, 35.704
1846968750, 35.704
1847750000, 35.704
1848531250, 35.704
1849312500, 35.704
1850093750, 35.704
1850875000, 35.629
1851656250, 35.524
1852437500, 35.475
1853218750, 35.337
1854000000, 35.187
1854781250, 35.057
1855562500, 35.027
1856343750, 34.990
1857125000, 34.822
1857906250, 34.816
1858687500, 34.728
1859468750, 34.679
1860250000, 34.679
1861031250, 34.679
1861812500, 34.679
1862593750, 34.679
1863375000, 34.679
1864156250, 34.784
1864937500, 34.797
1865718750, 34.935
1866500000, 35.121
1867281250, 35.122
1868062500, 35.277
1868843750, 35.370
1869625000, 35.547
1870406250, 35.810
1871187500, 35.840
1871968750, 35.877
1872750000, 35.943
1873531250, 36.065
1874312500, 36.213
1875093750, 36.318
1875875000, 36.399
1876656250, 36.557
1877437500, 36.577
1878218750, 36.577
1879000000, 36.577
1879781250, 36.577
1880562500, 36.577
1881343750, 36.577
1882125000, 36.507
1882906250, 36.478
1883687500, 36.443
1884468750, 36.437
1885250000, 36.272
1886031250, 36.210
1886812500, 36.201
1887593750, 36.165
1888375000, 36.043
1889156250, 35.721
1889937500, 35.403
1890718750, 35.122
1891500000, 34.890
1892281250, 34.698
1893062500, 34.572
1893843750, 34.385
1894625000, 34.207
1895406250, 34.180
1896187500, 34.180
1896968750, 34.180
1897750000, 34.180
1898531250, 34.180
1899312500, 34.180
1900093750, 34.216
1900875000, 34.218
1901656250, 34.265
1902437500, 34.268
1903218750, 34.359
1904000000, 34.453
1904781250, 34.453
1905562500, 34.453
1906343750, 34.453
1907125000, 34.453
1907906250, 34.453
1908687500, 34.093
1909468750, 34.075
1910250000, 33.649
1911031250, 33.385
1911812500, 33.348
1912593750, 32.551
1913375000, 32.113
1914156250, 31.704
1914937500, 31.350
1915718750, 30.875
1916500000, 30.286
1917281250, 29.929
1918062500, 29.572
1918843750, 29.203
1919625000, 28.748
1920406250, 28.239
1921187500, 27.570
1921968750, 27.164
1922750000, 26.681
1923531250, 26.114
1924312500, 25.641
1925093750, 25.126
1925875000, 24.586
1926656250, 24.247
1927437500, 23.852
1928218750, 23.296
1929000000, 22.875
1929781250, 22.262
1930562500, 21.879
1931343750, 21.354
1932125000, 20.811
1932906250, 20.377
1933687500, 19.754
1934468750, 19.256
1935250000, 18.627
1936031250, 18.105
1936812500, 17.603
1937593750, 17.028
1938375000, 16.418
1939156250, 15.746
1939937500, 15.056
1940718750, 14.355
1941500000, 13.696
1942281250, 12.947
1943062500, 12.135
1943843750, 11.345
1944625000, 10.602
1945406250, 9.842
1946187500, 9.148
1946968750, 8.333
1947750000, 7.590
1948531250, 6.928
1949312500, 6.180
1950093750, 5.562
1950875000, 4.927
1951656250, 4.345
1952437500, 3.814
1953218750, 3.327
1954000000, 2.941
1954781250, 2.444
1955562500, 2.089
1956343750, 1.857
1957125000, 1.634
1957906250, 1.597
1958687500, 1.597
1959468750, 1.597
