#T_nd for A1V (pin)
#freq [Hz], T_nd [K]
1190562500, 49.474
1191343750, 48.902
1192125000, 48.876
1192906250, 48.816
1193687500, 48.604
1194468750, 48.573
1195250000, 48.558
1196031250, 48.347
1196812500, 48.250
1197593750, 48.174
1198375000, 47.797
1199156250, 47.713
1199937500, 47.389
1200718750, 47.373
1201500000, 47.373
1202281250, 47.312
1203062500, 47.268
1203843750, 47.070
1204625000, 46.643
1205406250, 46.075
1206187500, 45.682
1206968750, 45.313
1207750000, 45.282
1208531250, 45.128
1209312500, 45.004
1210093750, 44.528
1210875000, 44.336
1211656250, 44.285
1212437500, 44.238
1213218750, 44.076
1214000000, 43.742
1214781250, 43.293
1215562500, 42.961
1216343750, 42.657
1217125000, 42.568
1217906250, 42.405
1218687500, 42.051
1219468750, 41.690
1220250000, 41.232
1221031250, 41.209
1221812500, 41.173
1222593750, 41.144
1223375000, 41.059
1224156250, 40.936
1224937500, 40.724
1225718750, 40.724
1226500000, 40.724
1227281250, 40.724
1228062500, 41.059
1228843750, 41.290
1229625000, 41.405
1230406250, 41.758
1231187500, 42.295
1231968750, 42.881
1232750000, 43.011
1233531250, 43.058
1234312500, 43.074
1235093750, 43.152
1235875000, 43.152
1236656250, 43.152
1237437500, 43.152
1238218750, 43.152
1239000000, 42.510
1239781250, 42.104
1240562500, 42.071
1241343750, 41.084
1242125000, 41.084
1242906250, 41.084
1243687500, 41.557
1244468750, 41.821
1245250000, 41.821
1246031250, 41.890
1246812500, 41.825
1247593750, 41.825
1248375000, 41.889
1249156250, 41.889
1249937500, 41.825
1250718750, 41.821
1251500000, 41.825
1252281250, 41.843
1253062500, 41.843
1253843750, 41.889
1254625000, 41.889
1255406250, 42.032
1256187500, 42.098
1256968750, 42.100
1257750000, 42.392
1258531250, 42.688
1259312500, 43.109
1260093750, 43.376
1260875000, 43.682
1261656250, 43.934
1262437500, 44.204
1263218750, 44.604
1264000000, 44.768
1264781250, 45.207
1265562500, 45.238
1266343750, 45.324
1267125000, 45.324
1267906250, 45.324
1268687500, 45.324
1269468750, 45.238
1270250000, 45.128
1271031250, 44.764
1271812500, 44.584
1272593750, 44.487
1273375000, 44.392
1274156250, 44.124
1274937500, 43.631
1275718750, 43.157
1276500000, 42.902
1277281250, 42.667
1278062500, 42.515
1278843750, 42.306
1279625000, 41.850
1280406250, 41.769
1281187500, 41.635
1281968750, 41.626
1282750000, 41.626
1283531250, 41.626
1284312500, 41.635
1285093750, 41.741
1285875000, 41.769
1286656250, 42.241
1287437500, 42.658
1288218750, 42.989
1289000000, 43.081
1289781250, 43.142
1290562500, 43.403
1291343750, 43.945
1292125000, 44.141
1292906250, 44.143
1293687500, 44.270
1294468750, 44.337
1295250000, 44.337
1296031250, 44.337
1296812500, 44.143
1297593750, 44.143
1298375000, 44.200
1299156250, 44.337
1299937500, 44.337
1300718750, 44.337
1301500000, 44.642
1302281250, 44.926
1303062500, 45.059
1303843750, 45.365
1304625000, 45.689
1305406250, 46.166
1306187500, 46.468
1306968750, 46.473
1307750000, 46.503
1308531250, 46.510
1309312500, 46.550
1310093750, 46.642
1310875000, 46.800
1311656250, 46.806
1312437500, 46.868
1313218750, 46.914
1314000000, 47.205
1314781250, 47.320
1315562500, 47.365
1316343750, 47.365
1317125000, 47.365
1317906250, 47.365
1318687500, 47.334
1319468750, 47.320
1320250000, 47.202
1321031250, 47.020
1321812500, 46.591
1322593750, 46.203
1323375000, 45.840
1324156250, 45.559
1324937500, 45.178
1325718750, 44.987
1326500000, 44.987
1327281250, 44.793
1328062500, 44.494
1328718750, 44.326
1329500000, 44.112
1330281250, 43.881
1331062500, 43.393
1331843750, 43.393
1332625000, 42.993
1333406250, 42.586
1334187500, 42.257
1334968750, 41.837
1335750000, 41.273
1336531250, 40.845
1337312500, 40.670
1338093750, 40.604
1338875000, 40.473
1339656250, 40.445
1340437500, 40.372
1341218750, 40.372
1342000000, 40.193
1342781250, 40.040
1343562500, 40.040
1344343750, 40.193
1345125000, 40.216
1345906250, 40.372
1346687500, 40.402
1347468750, 40.449
1348250000, 40.590
1349031250, 40.655
1349812500, 40.694
1350593750, 40.706
1351375000, 40.715
1352156250, 40.706
1352937500, 40.655
1353718750, 40.655
1354500000, 40.655
1355281250, 40.455
1356062500, 40.259
1356843750, 40.233
1357625000, 40.134
1358406250, 40.134
1359187500, 39.984
1359968750, 39.968
1360750000, 39.872
1361531250, 39.849
1362312500, 39.849
1363093750, 39.872
1363875000, 39.906
1364656250, 39.892
1365437500, 39.872
1366218750, 39.809
1367000000, 39.892
1367781250, 39.893
1368562500, 39.906
1369343750, 39.906
1370125000, 39.893
1370906250, 39.892
1371687500, 39.714
1372468750, 39.893
1373250000, 40.029
1374031250, 40.029
1374812500, 40.029
1375593750, 40.013
1376375000, 39.999
1377156250, 39.999
1377937500, 39.999
1378718750, 40.013
1379500000, 40.013
1380281250, 39.999
1381062500, 39.769
1381843750, 39.768
1382625000, 39.734
1383406250, 39.681
1384187500, 39.415
1384968750, 39.381
1385750000, 39.260
1386531250, 39.110
1387312500, 38.976
1388093750, 38.976
1388875000, 38.887
1389656250, 38.887
1390437500, 38.887
1391218750, 38.887
1392000000, 38.647
1392781250, 38.540
1393562500, 38.540
1394343750, 38.647
1395125000, 38.831
1395906250, 38.909
1396687500, 38.831
1397468750, 38.681
1398250000, 38.831
1399031250, 38.938
1399812500, 39.137
1400593750, 39.137
1401375000, 39.137
1402156250, 39.137
1402937500, 39.277
1403718750, 39.326
1404500000, 39.436
1405281250, 39.513
1406062500, 39.513
1406843750, 39.593
1407625000, 39.593
1408406250, 39.625
1409187500, 39.682
1409968750, 39.690
1410750000, 39.690
1411531250, 39.697
1412312500, 39.697
1413093750, 39.682
1413875000, 39.682
1414656250, 39.682
1415437500, 39.664
1416218750, 39.646
1417000000, 39.589
1417781250, 39.578
1418562500, 39.425
1419343750, 39.363
1420125000, 39.363
1420906250, 39.363
1421687500, 39.410
1422468750, 39.425
1423250000, 39.425
1424031250, 39.628
1424812500, 39.711
1425593750, 39.837
1426375000, 39.892
1427156250, 39.956
1427937500, 40.071
1428718750, 40.346
1429500000, 40.803
1430281250, 41.064
1431062500, 41.110
1431843750, 41.126
1432625000, 41.294
1433406250, 41.552
1434187500, 41.906
1434968750, 42.015
1435750000, 42.026
1436531250, 42.213
1437312500, 42.263
1438093750, 42.297
1438875000, 42.297
1439656250, 42.263
1440437500, 42.026
1441218750, 42.026
1442000000, 42.013
1442781250, 41.589
1443562500, 41.520
1444343750, 41.502
1445125000, 41.445
1445906250, 41.113
1446687500, 40.914
1447468750, 40.597
1448250000, 40.302
1449031250, 40.142
1449812500, 39.737
1450593750, 39.714
1451375000, 39.559
1452156250, 39.559
1452937500, 39.559
1453718750, 39.559
1454500000, 39.559
1455281250, 40.394
1456062500, 40.496
1456718750, 40.651
1457500000, 41.940
1458281250, 42.147
1459062500, 42.493
1459843750, 42.838
1460625000, 43.343
1461406250, 43.872
1462187500, 44.472
1462968750, 45.134
1463750000, 45.708
1464531250, 46.200
1465312500, 46.632
1466093750, 46.915
1466875000, 47.181
1467656250, 47.449
1468437500, 47.449
1469218750, 47.449
1470000000, 47.449
1470781250, 47.449
1471562500, 47.281
1472343750, 46.369
1473125000, 45.764
1473906250, 45.764
1474687500, 45.764
1475468750, 45.764
1476250000, 45.764
1477031250, 46.346
1477812500, 46.407
1478593750, 46.517
1479375000, 46.579
1480156250, 46.620
1480937500, 46.620
1481718750, 46.903
1482500000, 47.158
1483281250, 47.219
1484062500, 47.242
1484843750, 47.361
1485625000, 47.698
1486406250, 47.988
1487187500, 48.416
1487968750, 48.710
1488750000, 49.013
1489531250, 49.195
1490312500, 49.432
1491093750, 49.834
1491875000, 50.138
1492656250, 50.175
1493437500, 50.175
1494218750, 50.175
1495000000, 50.175
1495781250, 50.175
1496562500, 50.043
1497343750, 49.782
1498125000, 49.556
1498906250, 49.162
1499687500, 48.389
1500468750, 48.347
1501250000, 48.205
1502031250, 47.799
1502812500, 47.467
1503593750, 46.940
1504375000, 46.541
1505156250, 46.406
1505937500, 46.382
1506718750, 46.172
1507500000, 45.709
1508281250, 45.442
1509062500, 45.291
1509843750, 45.154
1510625000, 45.149
1511406250, 45.118
1512187500, 45.020
1512968750, 45.020
1513750000, 45.020
1514531250, 45.020
1515312500, 45.020
1516093750, 45.258
1516875000, 45.457
1517656250, 45.609
1518437500, 45.748
1519218750, 45.995
1520000000, 46.159
1520781250, 46.585
1521562500, 46.782
1522343750, 46.935
1523125000, 47.118
1523906250, 47.142
1524687500, 47.142
1525468750, 47.142
1526250000, 47.142
1527031250, 47.142
1527812500, 47.107
1528593750, 46.851
1529375000, 46.682
1530156250, 46.234
1530937500, 45.958
1531718750, 45.857
1532500000, 45.650
1533281250, 45.454
1534062500, 44.970
1534843750, 44.878
1535625000, 44.759
1536406250, 44.680
1537187500, 44.744
1537968750, 44.680
1538750000, 44.604
1539531250, 44.483
1540312500, 44.604
1541093750, 44.620
1541875000, 44.620
1542656250, 44.620
1543437500, 44.680
1544218750, 44.680
1545000000, 44.891
1545781250, 45.086
1546562500, 45.086
1547343750, 45.086
1548125000, 45.423
1548906250, 45.423
1549687500, 45.423
1550468750, 45.423
1551250000, 45.423
1552031250, 45.423
1552812500, 45.423
1553593750, 45.574
1554375000, 45.574
1555156250, 45.574
1555937500, 45.574
1556718750, 45.574
1557500000, 45.260
1558281250, 45.231
1559062500, 45.063
1559843750, 45.007
1560625000, 44.816
1561406250, 44.457
1562187500, 44.264
1562968750, 44.139
1563750000, 43.853
1564531250, 43.592
1565312500, 43.315
1566093750, 42.985
1566875000, 42.835
1567656250, 42.769
1568437500, 42.727
1569218750, 42.605
1570000000, 42.292
1570781250, 41.962
1571562500, 41.804
1572343750, 41.598
1573125000, 41.493
1573906250, 41.238
1574687500, 40.399
1575468750, 40.359
1576250000, 40.359
1577031250, 40.306
1577812500, 40.284
1578593750, 40.168
1579375000, 40.177
1580156250, 40.284
1580937500, 40.284
1581718750, 40.284
1582500000, 40.284
1583281250, 40.892
1584062500, 41.043
1584718750, 41.076
1585500000, 41.512
1586281250, 41.512
1587062500, 41.512
1587843750, 41.512
1588625000, 41.512
1589406250, 41.274
1590187500, 41.060
1590968750, 40.848
1591750000, 40.657
1592531250, 40.528
1593312500, 40.326
1594093750, 40.182
1594875000, 40.013
1595656250, 39.857
1596437500, 39.782
1597218750, 39.563
1598000000, 39.226
1598781250, 38.860
1599562500, 38.860
1600343750, 38.855
1601125000, 38.855
1601906250, 38.822
1602687500, 38.822
1603468750, 38.860
1604250000, 39.234
1605031250, 39.572
1605812500, 40.087
1606593750, 40.426
1607375000, 40.581
1608156250, 40.811
1608937500, 40.953
1609718750, 41.071
1610500000, 41.132
1611281250, 41.212
1612062500, 41.342
1612843750, 41.342
1613625000, 41.342
1614406250, 41.342
1615187500, 41.391
1615968750, 41.342
1616750000, 41.342
1617531250, 41.342
1618312500, 41.342
1619093750, 41.314
1619875000, 41.252
1620656250, 41.625
1621437500, 41.625
1622218750, 41.625
1623000000, 41.625
1623781250, 41.552
1624562500, 40.263
1625343750, 40.262
1626125000, 40.063
1626906250, 39.703
1627687500, 39.624
1628468750, 39.490
1629250000, 39.457
1630031250, 39.411
1630812500, 39.363
1631593750, 39.363
1632375000, 39.363
1633156250, 39.363
1633937500, 39.400
1634718750, 39.400
1635500000, 39.425
1636281250, 39.437
1637062500, 39.467
1637843750, 39.589
1638625000, 39.625
1639406250, 39.652
1640187500, 39.683
1640968750, 39.750
1641750000, 39.772
1642531250, 39.812
1643312500, 39.841
1644093750, 39.841
1644875000, 39.841
1645656250, 39.841
1646437500, 39.841
1647218750, 39.841
1648000000, 39.841
1648781250, 39.841
1649562500, 39.829
1650343750, 39.820
1651125000, 39.820
1651906250, 39.820
1652687500, 39.820
1653468750, 39.706
1654250000, 39.642
1655031250, 39.557
1655812500, 39.553
1656593750, 39.553
1657375000, 39.553
1658156250, 39.553
1658937500, 39.553
1659718750, 39.631
1660500000, 39.653
1661281250, 39.877
1662062500, 39.936
1662843750, 40.086
1663625000, 40.336
1664406250, 40.595
1665187500, 40.783
1665968750, 40.989
1666750000, 41.184
1667531250, 41.309
1668312500, 41.451
1669093750, 41.492
1669875000, 41.492
1670656250, 41.492
1671437500, 41.492
1672218750, 41.492
1673000000, 41.259
1673781250, 40.911
1674562500, 40.258
1675343750, 39.380
1676125000, 39.380
1676906250, 39.380
1677687500, 39.380
1678468750, 39.380
1679250000, 39.752
1680031250, 40.044
1680812500, 40.064
1681593750, 40.121
1682375000, 40.150
1683156250, 40.322
1683937500, 40.470
1684718750, 40.642
1685500000, 40.660
1686281250, 40.789
1687062500, 40.939
1687843750, 41.177
1688625000, 41.443
1689406250, 41.690
1690187500, 41.965
1690968750, 42.123
1691750000, 42.507
1692531250, 42.788
1693312500, 43.167
1694093750, 43.419
1694875000, 43.539
1695656250, 43.841
1696437500, 44.005
1697218750, 44.219
1698000000, 44.564
1698781250, 44.680
1699562500, 44.693
1700343750, 44.754
1701125000, 44.893
1701906250, 44.893
1702687500, 44.893
1703468750, 44.893
1704250000, 44.893
1705031250, 44.817
1705812500, 44.678
1706593750, 44.612
1707375000, 44.549
1708156250, 44.470
1708937500, 44.233
1709718750, 44.192
1710500000, 44.135
1711281250, 44.120
1712062500, 44.049
1712718750, 44.042
1713500000, 43.961
1714281250, 44.025
1715062500, 44.025
1715843750, 44.025
1716625000, 44.025
1717406250, 44.025
1718187500, 44.088
1718968750, 44.345
1719750000, 44.516
1720531250, 44.943
1721312500, 45.354
1722093750, 45.671
1722875000, 46.057
1723656250, 46.441
1724437500, 46.881
1725218750, 47.199
1726000000, 47.574
1726781250, 47.784
1727562500, 47.784
1728343750, 47.784
1729125000, 47.784
1729906250, 47.784
1730687500, 47.770
1731468750, 47.662
1732250000, 47.505
1733031250, 47.219
1733812500, 46.979
1734593750, 46.682
1735375000, 46.449
1736156250, 46.357
1736937500, 46.109
1737718750, 45.770
1738500000, 45.652
1739281250, 45.615
1740062500, 45.508
1740843750, 45.456
1741625000, 45.426
1742406250, 45.426
1743187500, 45.421
1743968750, 45.421
1744750000, 45.421
1745531250, 45.421
1746312500, 45.453
1747093750, 45.471
1747875000, 45.489
1748656250, 45.517
1749437500, 45.673
1750218750, 45.812
1751000000, 45.909
1751781250, 46.027
1752562500, 46.163
1753343750, 46.255
1754125000, 46.384
1754906250, 46.661
1755687500, 46.668
1756468750, 46.668
1757250000, 46.669
1758031250, 46.669
1758812500, 46.669
1759593750, 46.661
1760375000, 46.652
1761156250, 46.411
1761937500, 46.108
1762718750, 45.926
1763500000, 45.724
1764281250, 45.533
1765062500, 45.191
1765843750, 44.763
1766625000, 44.527
1767406250, 44.312
1768187500, 44.115
1768968750, 43.905
1769750000, 43.733
1770531250, 43.397
1771312500, 43.274
1772093750, 43.204
1772875000, 43.198
1773656250, 43.198
1774437500, 43.198
1775218750, 43.198
1776000000, 43.204
1776781250, 43.275
1777562500, 43.327
1778343750, 43.382
1779125000, 43.386
1779906250, 43.386
1780687500, 43.386
1781468750, 43.386
1782250000, 43.382
1783031250, 43.362
1783812500, 43.258
1784593750, 42.965
1785375000, 42.818
1786156250, 42.743
1786937500, 42.504
1787718750, 42.363
1788500000, 42.058
1789281250, 41.824
1790062500, 41.558
1790843750, 41.250
1791625000, 41.014
1792406250, 40.704
1793187500, 40.347
1793968750, 40.090
1794750000, 39.898
1795531250, 39.620
1796312500, 39.394
1797093750, 39.180
1797875000, 38.965
1798656250, 38.750
1799437500, 38.551
1800218750, 38.212
1801000000, 38.156
1801781250, 38.048
1802562500, 37.922
1803343750, 37.880
1804125000, 37.880
1804906250, 37.880
1805687500, 37.880
1806468750, 37.880
1807250000, 37.925
1808031250, 38.131
1808812500, 38.312
1809593750, 38.540
1810375000, 38.918
1811156250, 39.294
1811937500, 39.699
1812718750, 40.106
1813500000, 40.358
1814281250, 40.845
1815062500, 41.230
1815843750, 41.580
1816625000, 41.780
1817406250, 42.034
1818187500, 42.221
1818968750, 42.221
1819750000, 42.221
1820531250, 42.221
1821312500, 42.221
1822093750, 42.066
1822875000, 41.769
1823656250, 41.604
1824437500, 41.292
1825218750, 41.047
1826000000, 40.744
1826781250, 40.437
1827562500, 40.258
1828343750, 40.116
1829125000, 40.080
1829906250, 40.080
1830687500, 40.080
1831468750, 40.080
1832250000, 40.116
1833031250, 40.298
1833812500, 40.459
1834593750, 40.761
1835375000, 41.041
1836156250, 41.193
1836937500, 41.388
1837718750, 41.681
1838500000, 42.085
1839281250, 42.463
1840062500, 42.669
1840718750, 42.833
1841500000, 42.926
1842281250, 42.926
1843062500, 42.926
1843843750, 42.926
1844625000, 42.926
1845406250, 42.901
1846187500, 42.894
1846968750, 42.708
1847750000, 42.398
1848531250, 42.070
1849312500, 41.868
1850093750, 41.558
1850875000, 41.289
1851656250, 41.126
1852437500, 40.806
1853218750, 40.569
1854000000, 40.181
1854781250, 39.923
1855562500, 39.666
1856343750, 39.469
1857125000, 39.254
1857906250, 39.146
1858687500, 38.972
1859468750, 38.658
1860250000, 38.448
1861031250, 38.218
1861812500, 38.172
1862593750, 38.118
1863375000, 38.084
1864156250, 38.041
1864937500, 38.041
1865718750, 38.041
1866500000, 38.041
1867281250, 38.041
1868062500, 38.083
1868843750, 38.095
1869625000, 38.095
1870406250, 38.095
1871187500, 38.095
1871968750, 38.095
1872750000, 38.062
1873531250, 37.900
1874312500, 37.681
1875093750, 37.617
1875875000, 37.455
1876656250, 37.191
1877437500, 36.983
1878218750, 36.715
1879000000, 36.509
1879781250, 36.357
1880562500, 36.033
1881343750, 35.838
1882125000, 35.462
1882906250, 35.149
1883687500, 34.830
1884468750, 34.486
1885250000, 34.293
1886031250, 33.872
1886812500, 33.543
1887593750, 33.171
1888375000, 32.897
1889156250, 32.445
1889937500, 32.102
1890718750, 31.757
1891500000, 31.373
1892281250, 31.153
1893062500, 30.755
1893843750, 30.475
1894625000, 30.341
1895406250, 30.037
1896187500, 29.821
1896968750, 29.682
1897750000, 29.606
1898531250, 29.405
1899312500, 29.309
1900093750, 29.309
1900875000, 29.255
1901656250, 29.142
1902437500, 28.869
1903218750, 28.790
1904000000, 28.429
1904781250, 28.369
1905562500, 28.121
1906343750, 27.975
1907125000, 27.673
1907906250, 27.332
1908687500, 26.870
1909468750, 26.633
1910250000, 26.191
1911031250, 25.807
1911812500, 25.567
1912593750, 25.164
1913375000, 24.818
1914156250, 24.521
1914937500, 24.223
1915718750, 24.132
1916500000, 23.768
1917281250, 23.563
1918062500, 23.403
1918843750, 23.272
1919625000, 23.163
1920406250, 23.103
1921187500, 23.103
1921968750, 23.103
1922750000, 23.103
1923531250, 23.103
1924312500, 23.275
1925093750, 23.455
1925875000, 23.735
1926656250, 24.022
1927437500, 24.332
1928218750, 24.719
1929000000, 25.102
1929781250, 25.577
1930562500, 26.012
1931343750, 26.470
1932125000, 26.819
1932906250, 27.343
1933687500, 27.775
1934468750, 28.200
1935250000, 28.682
1936031250, 28.957
1936812500, 29.255
1937593750, 29.528
1938375000, 29.776
1939156250, 29.943
1939937500, 30.120
1940718750, 30.311
1941500000, 30.435
1942281250, 30.580
1943062500, 30.661
1943843750, 30.860
1944625000, 30.970
1945406250, 31.287
1946187500, 31.458
1946968750, 31.566
1947750000, 31.726
1948531250, 31.943
1949312500, 32.128
1950093750, 32.246
1950875000, 32.315
1951656250, 32.429
1952437500, 32.429
1953218750, 32.429
1954000000, 32.429
1954781250, 32.429
1955562500, 32.342
1956343750, 32.252
1957125000, 32.161
1957906250, 31.949
1958687500, 31.773
1959468750, 31.531
