#T_nd for A4V (coupler)
#freq [Hz], T_nd [K]
1190562500, 3.193
1191343750, 3.194
1192125000, 3.194
1192906250, 3.194
1193687500, 3.194
1194468750, 3.201
1195250000, 3.201
1196031250, 3.201
1196812500, 3.206
1197593750, 3.210
1198375000, 3.210
1199156250, 3.210
1199937500, 3.210
1200718750, 3.210
1201500000, 3.210
1202281250, 3.201
1203062500, 3.201
1203843750, 3.200
1204625000, 3.190
1205406250, 3.190
1206187500, 3.190
1206968750, 3.190
1207750000, 3.200
1208531250, 3.200
1209312500, 3.200
1210093750, 3.200
1210875000, 3.204
1211656250, 3.204
1212437500, 3.204
1213218750, 3.206
1214000000, 3.253
1214781250, 3.255
1215562500, 3.285
1216343750, 3.387
1217125000, 3.407
1217906250, 3.453
1218687500, 3.453
1219468750, 3.458
1220250000, 3.463
1221031250, 3.483
1221812500, 3.483
1222593750, 3.483
1223375000, 3.483
1224156250, 3.483
1224937500, 3.483
1225718750, 3.463
1226500000, 3.458
1227281250, 3.453
1228062500, 3.444
1228843750, 3.346
1229625000, 3.250
1230406250, 3.227
1231187500, 3.208
1231968750, 3.201
1232750000, 3.163
1233531250, 3.159
1234312500, 3.090
1235093750, 3.084
1235875000, 3.083
1236656250, 3.080
1237437500, 3.069
1238218750, 3.048
1239000000, 3.048
1239781250, 3.048
1240562500, 3.044
1241343750, 3.044
1242125000, 3.044
1242906250, 3.048
1243687500, 3.048
1244468750, 3.048
1245250000, 3.048
1246031250, 3.068
1246812500, 3.083
1247593750, 3.098
1248375000, 3.101
1249156250, 3.112
1249937500, 3.128
1250718750, 3.128
1251500000, 3.134
1252281250, 3.137
1253062500, 3.142
1253843750, 3.143
1254625000, 3.143
1255406250, 3.146
1256187500, 3.155
1256968750, 3.156
1257750000, 3.156
1258531250, 3.165
1259312500, 3.169
1260093750, 3.170
1260875000, 3.205
1261656250, 3.209
1262437500, 3.215
1263218750, 3.218
1264000000, 3.221
1264781250, 3.225
1265562500, 3.226
1266343750, 3.232
1267125000, 3.232
1267906250, 3.243
1268687500, 3.243
1269468750, 3.252
1270250000, 3.252
1271031250, 3.252
1271812500, 3.252
1272593750, 3.252
1273375000, 3.243
1274156250, 3.234
1274937500, 3.232
1275718750, 3.232
1276500000, 3.232
1277281250, 3.232
1278062500, 3.220
1278843750, 3.205
1279625000, 3.204
1280406250, 3.198
1281187500, 3.181
1281968750, 3.165
1282750000, 3.165
1283531250, 3.143
1284312500, 3.138
1285093750, 3.138
1285875000, 3.138
1286656250, 3.138
1287437500, 3.138
1288218750, 3.138
1289000000, 3.138
1289781250, 3.138
1290562500, 3.138
1291343750, 3.178
1292125000, 3.185
1292906250, 3.187
1293687500, 3.187
1294468750, 3.188
1295250000, 3.199
1296031250, 3.200
1296812500, 3.211
1297593750, 3.211
1298375000, 3.211
1299156250, 3.211
1299937500, 3.214
1300718750, 3.215
1301500000, 3.222
1302281250, 3.224
1303062500, 3.225
1303843750, 3.228
1304625000, 3.228
1305406250, 3.228
1306187500, 3.229
1306968750, 3.230
1307750000, 3.242
1308531250, 3.242
1309312500, 3.242
1310093750, 3.246
1310875000, 3.252
1311656250, 3.252
1312437500, 3.258
1313218750, 3.292
1314000000, 3.307
1314781250, 3.340
1315562500, 3.349
1316343750, 3.350
1317125000, 3.363
1317906250, 3.378
1318687500, 3.383
1319468750, 3.391
1320250000, 3.394
1321031250, 3.399
1321812500, 3.415
1322593750, 3.416
1323375000, 3.422
1324156250, 3.424
1324937500, 3.429
1325718750, 3.434
1326500000, 3.438
1327281250, 3.442
1328062500, 3.444
1328718750, 3.456
1329500000, 3.456
1330281250, 3.456
1331062500, 3.456
1331843750, 3.456
1332625000, 3.458
1333406250, 3.458
1334187500, 3.458
1334968750, 3.456
1335750000, 3.458
1336531250, 3.458
1337312500, 3.456
1338093750, 3.456
1338875000, 3.456
1339656250, 3.456
1340437500, 3.456
1341218750, 3.456
1342000000, 3.456
1342781250, 3.456
1343562500, 3.456
1344343750, 3.470
1345125000, 3.471
1345906250, 3.472
1346687500, 3.474
1347468750, 3.474
1348250000, 3.474
1349031250, 3.474
1349812500, 3.474
1350593750, 3.472
1351375000, 3.472
1352156250, 3.472
1352937500, 3.472
1353718750, 3.471
1354500000, 3.454
1355281250, 3.431
1356062500, 3.417
1356843750, 3.417
1357625000, 3.410
1358406250, 3.371
1359187500, 3.371
1359968750, 3.371
1360750000, 3.371
1361531250, 3.371
1362312500, 3.371
1363093750, 3.371
1363875000, 3.371
1364656250, 3.371
1365437500, 3.371
1366218750, 3.371
1367000000, 3.398
1367781250, 3.409
1368562500, 3.417
1369343750, 3.417
1370125000, 3.420
1370906250, 3.420
1371687500, 3.422
1372468750, 3.422
1373250000, 3.425
1374031250, 3.430
1374812500, 3.434
1375593750, 3.438
1376375000, 3.440
1377156250, 3.440
1377937500, 3.442
1378718750, 3.443
1379500000, 3.445
1380281250, 3.450
1381062500, 3.453
1381843750, 3.465
1382625000, 3.475
1383406250, 3.510
1384187500, 3.521
1384968750, 3.526
1385750000, 3.528
1386531250, 3.540
1387312500, 3.544
1388093750, 3.544
1388875000, 3.546
1389656250, 3.558
1390437500, 3.562
1391218750, 3.563
1392000000, 3.562
1392781250, 3.562
1393562500, 3.561
1394343750, 3.561
1395125000, 3.561
1395906250, 3.558
1396687500, 3.555
1397468750, 3.548
1398250000, 3.548
1399031250, 3.548
1399812500, 3.548
1400593750, 3.548
1401375000, 3.546
1402156250, 3.545
1402937500, 3.545
1403718750, 3.536
1404500000, 3.533
1405281250, 3.533
1406062500, 3.527
1406843750, 3.523
1407625000, 3.523
1408406250, 3.504
1409187500, 3.504
1409968750, 3.483
1410750000, 3.483
1411531250, 3.483
1412312500, 3.483
1413093750, 3.482
1413875000, 3.482
1414656250, 3.482
1415437500, 3.482
1416218750, 3.482
1417000000, 3.483
1417781250, 3.498
1418562500, 3.504
1419343750, 3.511
1420125000, 3.526
1420906250, 3.554
1421687500, 3.599
1422468750, 3.604
1423250000, 3.624
1424031250, 3.624
1424812500, 3.624
1425593750, 3.624
1426375000, 3.624
1427156250, 3.624
1427937500, 3.624
1428718750, 3.624
1429500000, 3.624
1430281250, 3.607
1431062500, 3.607
1431843750, 3.607
1432625000, 3.604
1433406250, 3.604
1434187500, 3.604
1434968750, 3.604
1435750000, 3.604
1436531250, 3.602
1437312500, 3.600
1438093750, 3.600
1438875000, 3.602
1439656250, 3.602
1440437500, 3.602
1441218750, 3.602
1442000000, 3.602
1442781250, 3.600
1443562500, 3.598
1444343750, 3.598
1445125000, 3.598
1445906250, 3.598
1446687500, 3.596
1447468750, 3.589
1448250000, 3.587
1449031250, 3.577
1449812500, 3.576
1450593750, 3.574
1451375000, 3.574
1452156250, 3.574
1452937500, 3.574
1453718750, 3.574
1454500000, 3.576
1455281250, 3.577
1456062500, 3.577
1456718750, 3.585
1457500000, 3.587
1458281250, 3.589
1459062500, 3.592
1459843750, 3.592
1460625000, 3.595
1461406250, 3.595
1462187500, 3.595
1462968750, 3.595
1463750000, 3.595
1464531250, 3.610
1465312500, 3.610
1466093750, 3.608
1466875000, 3.608
1467656250, 3.610
1468437500, 3.610
1469218750, 3.608
1470000000, 3.608
1470781250, 3.608
1471562500, 3.613
1472343750, 3.613
1473125000, 3.613
1473906250, 3.614
1474687500, 3.616
1475468750, 3.620
1476250000, 3.631
1477031250, 3.636
1477812500, 3.640
1478593750, 3.640
1479375000, 3.643
1480156250, 3.645
1480937500, 3.648
1481718750, 3.654
1482500000, 3.654
1483281250, 3.654
1484062500, 3.656
1484843750, 3.656
1485625000, 3.656
1486406250, 3.656
1487187500, 3.656
1487968750, 3.654
1488750000, 3.654
1489531250, 3.648
1490312500, 3.644
1491093750, 3.644
1491875000, 3.644
1492656250, 3.643
1493437500, 3.640
1494218750, 3.636
1495000000, 3.633
1495781250, 3.633
1496562500, 3.632
1497343750, 3.630
1498125000, 3.630
1498906250, 3.629
1499687500, 3.618
1500468750, 3.618
1501250000, 3.618
1502031250, 3.618
1502812500, 3.618
1503593750, 3.601
1504375000, 3.600
1505156250, 3.595
1505937500, 3.594
1506718750, 3.590
1507500000, 3.586
1508281250, 3.574
1509062500, 3.570
1509843750, 3.569
1510625000, 3.567
1511406250, 3.565
1512187500, 3.560
1512968750, 3.554
1513750000, 3.554
1514531250, 3.548
1515312500, 3.540
1516093750, 3.536
1516875000, 3.536
1517656250, 3.536
1518437500, 3.533
1519218750, 3.526
1520000000, 3.520
1520781250, 3.520
1521562500, 3.520
1522343750, 3.520
1523125000, 3.520
1523906250, 3.518
1524687500, 3.518
1525468750, 3.516
1526250000, 3.508
1527031250, 3.462
1527812500, 3.454
1528593750, 3.430
1529375000, 3.406
1530156250, 3.403
1530937500, 3.394
1531718750, 3.385
1532500000, 3.363
1533281250, 3.356
1534062500, 3.347
1534843750, 3.347
1535625000, 3.343
1536406250, 3.343
1537187500, 3.343
1537968750, 3.343
1538750000, 3.343
1539531250, 3.343
1540312500, 3.343
1541093750, 3.306
1541875000, 3.306
1542656250, 3.343
1543437500, 3.343
1544218750, 3.413
1545000000, 3.415
1545781250, 3.415
1546562500, 3.415
1547343750, 3.417
1548125000, 3.449
1548906250, 3.452
1549687500, 3.453
1550468750, 3.453
1551250000, 3.452
1552031250, 3.452
1552812500, 3.453
1553593750, 3.452
1554375000, 3.452
1555156250, 3.453
1555937500, 3.453
1556718750, 3.452
1557500000, 3.453
1558281250, 3.456
1559062500, 3.456
1559843750, 3.456
1560625000, 3.456
1561406250, 3.456
1562187500, 3.456
1562968750, 3.450
1563750000, 3.450
1564531250, 3.450
1565312500, 3.450
1566093750, 3.453
1566875000, 3.453
1567656250, 3.453
1568437500, 3.455
1569218750, 3.453
1570000000, 3.448
1570781250, 3.448
1571562500, 3.448
1572343750, 3.444
1573125000, 3.436
1573906250, 3.434
1574687500, 3.429
1575468750, 3.429
1576250000, 3.429
1577031250, 3.429
1577812500, 3.422
1578593750, 3.337
1579375000, 3.335
1580156250, 3.323
1580937500, 3.298
1581718750, 3.279
1582500000, 3.278
1583281250, 3.275
1584062500, 3.274
1584718750, 3.268
1585500000, 3.240
1586281250, 3.229
1587062500, 3.229
1587843750, 3.229
1588625000, 3.229
1589406250, 3.229
1590187500, 3.229
1590968750, 3.229
1591750000, 3.229
1592531250, 3.229
1593312500, 3.240
1594093750, 3.252
1594875000, 3.255
1595656250, 3.262
1596437500, 3.269
1597218750, 3.282
1598000000, 3.333
1598781250, 3.350
1599562500, 3.392
1600343750, 3.394
1601125000, 3.400
1601906250, 3.400
1602687500, 3.400
1603468750, 3.400
1604250000, 3.400
1605031250, 3.400
1605812500, 3.400
1606593750, 3.400
1607375000, 3.394
1608156250, 3.392
1608937500, 3.328
1609718750, 3.312
1610500000, 3.298
1611281250, 3.285
1612062500, 3.285
1612843750, 3.285
1613625000, 3.281
1614406250, 3.281
1615187500, 3.281
1615968750, 3.281
1616750000, 3.281
1617531250, 3.274
1618312500, 3.274
1619093750, 3.274
1619875000, 3.281
1620656250, 3.281
1621437500, 3.281
1622218750, 3.281
1623000000, 3.281
1623781250, 3.281
1624562500, 3.281
1625343750, 3.279
1626125000, 3.279
1626906250, 3.276
1627687500, 3.265
1628468750, 3.265
1629250000, 3.242
1630031250, 3.223
1630812500, 3.217
1631593750, 3.216
1632375000, 3.216
1633156250, 3.210
1633937500, 3.207
1634718750, 3.207
1635500000, 3.205
1636281250, 3.196
1637062500, 3.194
1637843750, 3.189
1638625000, 3.186
1639406250, 3.185
1640187500, 3.185
1640968750, 3.183
1641750000, 3.177
1642531250, 3.177
1643312500, 3.177
1644093750, 3.177
1644875000, 3.176
1645656250, 3.176
1646437500, 3.176
1647218750, 3.168
1648000000, 3.168
1648781250, 3.167
1649562500, 3.162
1650343750, 3.149
1651125000, 3.137
1651906250, 3.132
1652687500, 3.124
1653468750, 3.120
1654250000, 3.117
1655031250, 3.117
1655812500, 3.115
1656593750, 3.113
1657375000, 3.113
1658156250, 3.113
1658937500, 3.113
1659718750, 3.113
1660500000, 3.113
1661281250, 3.113
1662062500, 3.104
1662843750, 3.104
1663625000, 3.106
1664406250, 3.106
1665187500, 3.104
1665968750, 3.104
1666750000, 3.100
1667531250, 3.104
1668312500, 3.104
1669093750, 3.106
1669875000, 3.106
1670656250, 3.106
1671437500, 3.108
1672218750, 3.108
1673000000, 3.111
1673781250, 3.111
1674562500, 3.111
1675343750, 3.117
1676125000, 3.126
1676906250, 3.170
1677687500, 3.170
1678468750, 3.172
1679250000, 3.172
1680031250, 3.172
1680812500, 3.171
1681593750, 3.171
1682375000, 3.171
1683156250, 3.171
1683937500, 3.171
1684718750, 3.171
1685500000, 3.171
1686281250, 3.164
1687062500, 3.163
1687843750, 3.159
1688625000, 3.134
1689406250, 3.134
1690187500, 3.134
1690968750, 3.131
1691750000, 3.130
1692531250, 3.130
1693312500, 3.129
1694093750, 3.129
1694875000, 3.129
1695656250, 3.129
1696437500, 3.130
1697218750, 3.130
1698000000, 3.131
1698781250, 3.131
1699562500, 3.131
1700343750, 3.131
1701125000, 3.131
1701906250, 3.131
1702687500, 3.130
1703468750, 3.130
1704250000, 3.128
1705031250, 3.121
1705812500, 3.085
1706593750, 3.080
1707375000, 3.064
1708156250, 3.064
1708937500, 3.064
1709718750, 3.063
1710500000, 3.063
1711281250, 3.063
1712062500, 3.063
1712718750, 3.063
1713500000, 3.063
1714281250, 3.063
1715062500, 3.064
1715843750, 3.064
1716625000, 3.066
1717406250, 3.082
1718187500, 3.083
1718968750, 3.087
1719750000, 3.087
1720531250, 3.088
1721312500, 3.088
1722093750, 3.088
1722875000, 3.088
1723656250, 3.088
1724437500, 3.088
1725218750, 3.088
1726000000, 3.088
1726781250, 3.083
1727562500, 3.051
1728343750, 3.046
1729125000, 3.043
1729906250, 3.043
1730687500, 3.043
1731468750, 3.043
1732250000, 3.040
1733031250, 3.040
1733812500, 3.038
1734593750, 3.033
1735375000, 3.028
1736156250, 3.028
1736937500, 3.028
1737718750, 3.026
1738500000, 3.026
1739281250, 3.023
1740062500, 3.021
1740843750, 3.021
1741625000, 3.021
1742406250, 2.992
1743187500, 2.972
1743968750, 2.963
1744750000, 2.962
1745531250, 2.953
1746312500, 2.949
1747093750, 2.949
1747875000, 2.949
1748656250, 2.949
1749437500, 2.949
1750218750, 2.942
1751000000, 2.942
1751781250, 2.942
1752562500, 2.932
1753343750, 2.932
1754125000, 2.932
1754906250, 2.925
1755687500, 2.925
1756468750, 2.924
1757250000, 2.924
1758031250, 2.924
1758812500, 2.924
1759593750, 2.915
1760375000, 2.915
1761156250, 2.901
1761937500, 2.898
1762718750, 2.877
1763500000, 2.871
1764281250, 2.866
1765062500, 2.833
1765843750, 2.829
1766625000, 2.825
1767406250, 2.823
1768187500, 2.822
1768968750, 2.822
1769750000, 2.822
1770531250, 2.822
1771312500, 2.821
1772093750, 2.808
1772875000, 2.802
1773656250, 2.794
1774437500, 2.791
1775218750, 2.787
1776000000, 2.784
1776781250, 2.784
1777562500, 2.782
1778343750, 2.777
1779125000, 2.764
1779906250, 2.757
1780687500, 2.750
1781468750, 2.749
1782250000, 2.740
1783031250, 2.726
1783812500, 2.721
1784593750, 2.701
1785375000, 2.674
1786156250, 2.670
1786937500, 2.666
1787718750, 2.666
1788500000, 2.663
1789281250, 2.657
1790062500, 2.654
1790843750, 2.647
1791625000, 2.643
1792406250, 2.643
1793187500, 2.621
1793968750, 2.616
1794750000, 2.614
1795531250, 2.610
1796312500, 2.605
1797093750, 2.595
1797875000, 2.594
1798656250, 2.586
1799437500, 2.570
1800218750, 2.565
1801000000, 2.560
1801781250, 2.560
1802562500, 2.529
1803343750, 2.521
1804125000, 2.491
1804906250, 2.477
1805687500, 2.474
1806468750, 2.470
1807250000, 2.450
1808031250, 2.446
1808812500, 2.439
1809593750, 2.434
1810375000, 2.433
1811156250, 2.428
1811937500, 2.423
1812718750, 2.419
1813500000, 2.410
1814281250, 2.396
1815062500, 2.379
1815843750, 2.370
1816625000, 2.369
1817406250, 2.363
1818187500, 2.359
1818968750, 2.344
1819750000, 2.335
1820531250, 2.318
1821312500, 2.284
1822093750, 2.276
1822875000, 2.261
1823656250, 2.239
1824437500, 2.231
1825218750, 2.218
1826000000, 2.211
1826781250, 2.196
1827562500, 2.188
1828343750, 2.186
1829125000, 2.184
1829906250, 2.175
1830687500, 2.170
1831468750, 2.159
1832250000, 2.159
1833031250, 2.159
1833812500, 2.156
1834593750, 2.153
1835375000, 2.137
1836156250, 2.131
1836937500, 2.128
1837718750, 2.119
1838500000, 2.098
1839281250, 2.098
1840062500, 2.097
1840718750, 2.094
1841500000, 2.090
1842281250, 2.090
1843062500, 2.085
1843843750, 2.084
1844625000, 2.082
1845406250, 2.079
1846187500, 2.076
1846968750, 2.069
1847750000, 2.067
1848531250, 2.064
1849312500, 2.063
1850093750, 2.062
1850875000, 2.060
1851656250, 2.060
1852437500, 2.058
1853218750, 2.057
1854000000, 2.053
1854781250, 2.052
1855562500, 2.048
1856343750, 2.047
1857125000, 2.045
1857906250, 2.045
1858687500, 2.041
1859468750, 2.021
1860250000, 2.021
1861031250, 2.021
1861812500, 2.021
1862593750, 2.020
1863375000, 2.020
1864156250, 2.017
1864937500, 2.017
1865718750, 2.017
1866500000, 2.017
1867281250, 2.017
1868062500, 2.017
1868843750, 2.020
1869625000, 2.021
1870406250, 2.023
1871187500, 2.021
1871968750, 2.023
1872750000, 2.040
1873531250, 2.045
1874312500, 2.047
1875093750, 2.053
1875875000, 2.075
1876656250, 2.075
1877437500, 2.076
1878218750, 2.076
1879000000, 2.083
1879781250, 2.083
1880562500, 2.096
1881343750, 2.096
1882125000, 2.096
1882906250, 2.097
1883687500, 2.097
1884468750, 2.104
1885250000, 2.104
1886031250, 2.105
1886812500, 2.105
1887593750, 2.107
1888375000, 2.107
1889156250, 2.107
1889937500, 2.107
1890718750, 2.107
1891500000, 2.107
1892281250, 2.111
1893062500, 2.111
1893843750, 2.109
1894625000, 2.111
1895406250, 2.111
1896187500, 2.111
1896968750, 2.114
1897750000, 2.114
1898531250, 2.115
1899312500, 2.115
1900093750, 2.119
1900875000, 2.121
1901656250, 2.124
1902437500, 2.128
1903218750, 2.128
1904000000, 2.128
1904781250, 2.129
1905562500, 2.129
1906343750, 2.133
1907125000, 2.134
1907906250, 2.136
1908687500, 2.136
1909468750, 2.136
1910250000, 2.136
1911031250, 2.145
1911812500, 2.145
1912593750, 2.155
1913375000, 2.158
1914156250, 2.155
1914937500, 2.145
1915718750, 2.136
1916500000, 2.136
1917281250, 2.136
1918062500, 2.136
1918843750, 2.136
1919625000, 2.133
1920406250, 2.133
1921187500, 2.133
1921968750, 2.128
1922750000, 2.126
1923531250, 2.127
1924312500, 2.126
1925093750, 2.126
1925875000, 2.126
1926656250, 2.127
1927437500, 2.127
1928218750, 2.127
1929000000, 2.127
1929781250, 2.127
1930562500, 2.149
1931343750, 2.149
1932125000, 2.152
1932906250, 2.152
1933687500, 2.152
1934468750, 2.154
1935250000, 2.154
1936031250, 2.154
1936812500, 2.163
1937593750, 2.163
1938375000, 2.163
1939156250, 2.163
1939937500, 2.163
1940718750, 2.154
1941500000, 2.152
1942281250, 2.152
1943062500, 2.151
1943843750, 2.147
1944625000, 2.143
1945406250, 2.139
1946187500, 2.139
1946968750, 2.139
1947750000, 2.136
1948531250, 2.133
1949312500, 2.133
1950093750, 2.133
1950875000, 2.133
1951656250, 2.125
1952437500, 2.125
1953218750, 2.133
1954000000, 2.135
1954781250, 2.135
1955562500, 2.133
1956343750, 2.131
1957125000, 2.131
1957906250, 2.133
1958687500, 2.135
1959468750, 2.136
