#T_nd for A1V (coupler)
#freq [Hz], T_nd [K]
1190500000, 3.2
1191281250, 3.2
1192062500, 3.2
1192843750, 3.2
1193625000, 3.2
1194406250, 3.2
1195187500, 3.2
1195968750, 3.2
1196750000, 3.2
1197531250, 3.2
1198312500, 3.2
1199093750, 3.2
1199875000, 3.2
1200656250, 3.2
1201437500, 3.2
1202218750, 3.2
1203000000, 3.1
1203781250, 3.1
1204562500, 3.1
1205343750, 3.1
1206125000, 3.1
1206906250, 3.1
1207687500, 3.1
1208468750, 3.1
1209250000, 3.1
1210031250, 3.1
1210812500, 3.1
1211593750, 3.1
1212375000, 3.1
1213156250, 3.1
1213937500, 3.1
1214718750, 3.1
1215500000, 3.1
1216281250, 3.1
1217062500, 3.1
1217843750, 3.1
1218625000, 3.1
1219406250, 3.2
1220187500, 3.2
1220968750, 3.2
1221750000, 3.2
1222531250, 3.2
1223312500, 3.2
1224093750, 3.2
1224875000, 3.2
1225656250, 3.2
1226437500, 3.2
1227218750, 3.2
1228000000, 3.2
1228781250, 3.2
1229562500, 3.2
1230343750, 3.2
1231125000, 3.2
1231906250, 3.2
1232687500, 3.2
1233468750, 3.2
1234250000, 3.2
1235031250, 3.2
1235812500, 3.2
1236593750, 3.1
1237375000, 3.1
1238156250, 3.1
1238937500, 3.1
1239718750, 3.1
1240500000, 3.1
1241281250, 3.1
1242062500, 3.1
1242843750, 3.1
1243625000, 3.1
1244406250, 3.1
1245187500, 3.1
1245968750, 3.1
1246750000, 3.1
1247531250, 3.1
1248312500, 3.1
1249093750, 3.1
1249875000, 3.1
1250656250, 3.1
1251437500, 3.1
1252218750, 3.1
1253000000, 3.1
1253781250, 3.1
1254562500, 3.1
1255343750, 3.1
1256125000, 3.1
1256906250, 3.1
1257687500, 3.1
1258468750, 3.2
1259250000, 3.2
1260031250, 3.1
1260812500, 3.2
1261593750, 3.2
1262375000, 3.2
1263156250, 3.2
1263937500, 3.2
1264718750, 3.2
1265500000, 3.2
1266281250, 3.2
1267062500, 3.2
1267843750, 3.2
1268625000, 3.2
1269406250, 3.2
1270187500, 3.2
1270968750, 3.2
1271750000, 3.2
1272531250, 3.2
1273312500, 3.1
1274093750, 3.1
1274875000, 3.1
1275656250, 3.1
1276437500, 3.1
1277218750, 3.1
1278000000, 3.1
1278781250, 3.1
1279562500, 3.1
1280343750, 3.1
1281125000, 3.1
1281906250, 3.1
1282687500, 3.1
1283468750, 3.1
1284250000, 3.1
1285031250, 3.1
1285812500, 3.2
1286593750, 3.2
1287375000, 3.2
1288156250, 3.2
1288937500, 3.2
1289718750, 3.3
1290500000, 3.3
1291281250, 3.3
1292062500, 3.3
1292843750, 3.3
1293625000, 3.3
1294406250, 3.3
1295187500, 3.3
1295968750, 3.4
1296750000, 3.4
1297531250, 3.4
1298312500, 3.4
1299093750, 3.3
1299875000, 3.3
1300656250, 3.3
1301437500, 3.3
1302218750, 3.3
1303000000, 3.3
1303781250, 3.3
1304562500, 3.3
1305343750, 3.3
1306125000, 3.3
1306906250, 3.3
1307687500, 3.3
1308468750, 3.3
1309250000, 3.3
1310031250, 3.3
1310812500, 3.3
1311593750, 3.3
1312375000, 3.3
1313156250, 3.3
1313937500, 3.3
1314718750, 3.3
1315500000, 3.4
1316281250, 3.4
1317062500, 3.4
1317843750, 3.3
1318625000, 3.3
1319406250, 3.4
1320187500, 3.3
1320968750, 3.3
1321750000, 3.3
1322531250, 3.3
1323312500, 3.3
1324093750, 3.3
1324875000, 3.3
1325656250, 3.3
1326437500, 3.3
1327218750, 3.3
1328000000, 3.3
1328781250, 3.3
1329562500, 3.3
1330343750, 3.3
1331125000, 3.3
1331906250, 3.3
1332687500, 3.3
1333468750, 3.3
1334250000, 3.3
1335031250, 3.2
1335812500, 3.2
1336593750, 3.2
1337375000, 3.2
1338156250, 3.2
1338937500, 3.2
1339718750, 3.2
1340500000, 3.2
1341281250, 3.2
1342062500, 3.2
1342843750, 3.2
1343625000, 3.2
1344406250, 3.2
1345187500, 3.2
1345968750, 3.2
1346750000, 3.2
1347531250, 3.2
1348312500, 3.2
1349093750, 3.2
1349875000, 3.2
1350656250, 3.2
1351437500, 3.2
1352218750, 3.2
1353000000, 3.2
1353781250, 3.2
1354562500, 3.2
1355343750, 3.2
1356125000, 3.2
1356906250, 3.2
1357687500, 3.3
1358468750, 3.3
1359250000, 3.3
1360031250, 3.3
1360812500, 3.3
1361593750, 3.3
1362375000, 3.3
1363156250, 3.3
1363937500, 3.3
1364718750, 3.3
1365500000, 3.3
1366281250, 3.3
1367062500, 3.3
1367843750, 3.4
1368625000, 3.4
1369406250, 3.4
1370187500, 3.4
1370968750, 3.4
1371750000, 3.4
1372531250, 3.4
1373312500, 3.4
1374093750, 3.4
1374875000, 3.4
1375656250, 3.4
1376437500, 3.4
1377218750, 3.4
1378000000, 3.4
1378781250, 3.4
1379562500, 3.4
1380343750, 3.4
1381125000, 3.4
1381906250, 3.4
1382687500, 3.4
1383468750, 3.4
1384250000, 3.4
1385031250, 3.4
1385812500, 3.4
1386593750, 3.4
1387375000, 3.4
1388156250, 3.4
1388937500, 3.4
1389718750, 3.4
1390500000, 3.4
1391281250, 3.4
1392062500, 3.4
1392843750, 3.4
1393625000, 3.4
1394406250, 3.4
1395187500, 3.4
1395968750, 3.5
1396750000, 3.5
1397531250, 3.5
1398312500, 3.5
1399093750, 3.5
1399875000, 3.5
1400656250, 3.5
1401437500, 3.5
1402218750, 3.5
1403000000, 3.5
1403781250, 3.5
1404562500, 3.5
1405343750, 3.5
1406125000, 3.5
1406906250, 3.5
1407687500, 3.5
1408468750, 3.5
1409250000, 3.5
1410031250, 3.5
1410812500, 3.5
1411593750, 3.5
1412375000, 3.5
1413156250, 3.5
1413937500, 3.5
1414718750, 3.6
1415500000, 3.6
1416281250, 3.6
1417062500, 3.5
1417843750, 3.5
1418625000, 3.5
1419406250, 3.5
1420187500, 3.5
1420968750, 3.5
1421750000, 3.5
1422531250, 3.5
1423312500, 3.5
1424093750, 3.5
1424875000, 3.5
1425656250, 3.5
1426437500, 3.5
1427218750, 3.5
1428000000, 3.5
1428781250, 3.4
1429562500, 3.4
1430343750, 3.4
1431125000, 3.4
1431906250, 3.5
1432687500, 3.5
1433468750, 3.5
1434250000, 3.5
1435031250, 3.5
1435812500, 3.5
1436593750, 3.5
1437375000, 3.5
1438156250, 3.5
1438937500, 3.5
1439718750, 3.5
1440500000, 3.5
1441281250, 3.5
1442062500, 3.5
1442843750, 3.5
1443625000, 3.5
1444406250, 3.5
1445187500, 3.5
1445968750, 3.5
1446750000, 3.6
1447531250, 3.6
1448312500, 3.6
1449093750, 3.6
1449875000, 3.6
1450656250, 3.6
1451437500, 3.6
1452218750, 3.6
1453000000, 3.6
1453781250, 3.6
1454562500, 3.6
1455343750, 3.6
1456125000, 3.6
1456906250, 3.6
1457687500, 3.6
1458468750, 3.6
1459250000, 3.6
1460031250, 3.6
1460812500, 3.6
1461593750, 3.6
1462375000, 3.6
1463156250, 3.6
1463937500, 3.6
1464718750, 3.6
1465500000, 3.6
1466281250, 3.6
1467062500, 3.6
1467843750, 3.6
1468625000, 3.6
1469406250, 3.6
1470187500, 3.6
1470968750, 3.6
1471750000, 3.6
1472531250, 3.4
1473312500, 3.4
1474093750, 3.4
1474875000, 3.4
1475656250, 3.4
1476437500, 3.4
1477218750, 3.4
1478000000, 3.6
1478781250, 3.6
1479562500, 3.6
1480343750, 3.6
1481125000, 3.6
1481906250, 3.6
1482687500, 3.6
1483468750, 3.6
1484250000, 3.6
1485031250, 3.6
1485812500, 3.6
1486593750, 3.6
1487375000, 3.6
1488156250, 3.6
1488937500, 3.6
1489718750, 3.6
1490500000, 3.6
1491281250, 3.6
1492062500, 3.6
1492843750, 3.6
1493625000, 3.6
1494406250, 3.6
1495187500, 3.6
1495968750, 3.6
1496750000, 3.6
1497531250, 3.6
1498312500, 3.6
1499093750, 3.6
1499875000, 3.6
1500656250, 3.6
1501437500, 3.5
1502218750, 3.5
1503000000, 3.5
1503781250, 3.5
1504562500, 3.5
1505343750, 3.5
1506125000, 3.5
1506906250, 3.5
1507687500, 3.5
1508468750, 3.5
1509250000, 3.5
1510031250, 3.5
1510812500, 3.5
1511593750, 3.5
1512375000, 3.5
1513156250, 3.5
1513937500, 3.5
1514718750, 3.5
1515500000, 3.5
1516281250, 3.5
1517062500, 3.5
1517843750, 3.5
1518625000, 3.5
1519406250, 3.5
1520187500, 3.5
1520968750, 3.5
1521750000, 3.4
1522531250, 3.4
1523312500, 3.4
1524093750, 3.4
1524875000, 3.4
1525656250, 3.4
1526437500, 3.4
1527218750, 3.4
1528000000, 3.4
1528781250, 3.4
1529562500, 3.4
1530343750, 3.4
1531125000, 3.4
1531906250, 3.4
1532687500, 3.4
1533468750, 3.3
1534250000, 3.3
1535031250, 3.3
1535812500, 3.3
1536593750, 3.3
1537375000, 3.4
1538156250, 3.4
1538937500, 3.4
1539718750, 3.4
1540500000, 3.4
1541281250, 3.4
1542062500, 3.4
1542843750, 3.4
1543625000, 3.4
1544406250, 3.4
1545187500, 3.4
1545968750, 3.4
1546750000, 3.4
1547531250, 3.4
1548312500, 3.4
1549093750, 3.4
1549875000, 3.4
1550656250, 3.4
1551437500, 3.4
1552218750, 3.4
1553000000, 3.4
1553781250, 3.4
1554562500, 3.4
1555343750, 3.4
1556125000, 3.4
1556906250, 3.4
1557687500, 3.4
1558468750, 3.4
1559250000, 3.4
1560031250, 3.4
1560812500, 3.4
1561593750, 3.4
1562375000, 3.4
1563156250, 3.4
1563937500, 3.4
1564718750, 3.4
1565500000, 3.4
1566281250, 3.4
1567062500, 3.4
1567843750, 3.4
1568625000, 3.4
1569406250, 3.4
1570187500, 3.4
1570968750, 3.4
1571750000, 3.5
1572531250, 3.5
1573312500, 3.5
1574093750, 3.5
1574875000, 3.5
1575656250, 3.5
1576437500, 3.5
1577218750, 3.5
1578000000, 3.5
1578781250, 3.5
1579562500, 3.4
1580343750, 3.4
1581125000, 3.4
1581906250, 3.4
1582687500, 3.4
1583468750, 3.4
1584250000, 3.4
1585031250, 3.4
1585812500, 3.4
1586593750, 3.4
1587375000, 3.4
1588156250, 3.4
1588937500, 3.4
1589718750, 3.4
1590500000, 3.4
1591281250, 3.4
1592062500, 3.4
1592843750, 3.4
1593625000, 3.4
1594406250, 3.4
1595187500, 3.4
1595968750, 3.4
1596750000, 3.4
1597531250, 3.4
1598312500, 3.4
1599093750, 3.4
1599875000, 3.4
1600656250, 3.4
1601437500, 3.4
1602218750, 3.4
1603000000, 3.4
1603781250, 3.4
1604562500, 3.4
1605343750, 3.4
1606125000, 3.4
1606906250, 3.4
1607687500, 3.4
1608468750, 3.4
1609250000, 3.4
1610031250, 3.4
1610812500, 3.4
1611593750, 3.4
1612375000, 3.4
1613156250, 3.4
1613937500, 3.4
1614718750, 3.4
1615500000, 3.4
1616281250, 3.4
1617062500, 3.4
1617843750, 3.4
1618625000, 3.4
1619406250, 3.4
1620187500, 3.4
1620968750, 3.4
1621750000, 3.4
1622531250, 3.4
1623312500, 3.4
1624093750, 3.4
1624875000, 3.4
1625656250, 3.4
1626437500, 3.4
1627218750, 3.4
1628000000, 3.4
1628781250, 3.4
1629562500, 3.4
1630343750, 3.4
1631125000, 3.4
1631906250, 3.4
1632687500, 3.4
1633468750, 3.4
1634250000, 3.4
1635031250, 3.4
1635812500, 3.4
1636593750, 3.4
1637375000, 3.4
1638156250, 3.4
1638937500, 3.4
1639718750, 3.4
1640500000, 3.4
1641281250, 3.4
1642062500, 3.4
1642843750, 3.4
1643625000, 3.4
1644406250, 3.4
1645187500, 3.4
1645968750, 3.4
1646750000, 3.4
1647531250, 3.4
1648312500, 3.4
1649093750, 3.4
1649875000, 3.4
1650656250, 3.4
1651437500, 3.4
1652218750, 3.4
1653000000, 3.4
1653781250, 3.4
1654562500, 3.4
1655343750, 3.4
1656125000, 3.4
1656906250, 3.4
1657687500, 3.4
1658468750, 3.4
1659250000, 3.4
1660031250, 3.4
1660812500, 3.4
1661593750, 3.4
1662375000, 3.4
1663156250, 3.4
1663937500, 3.4
1664718750, 3.4
1665500000, 3.4
1666281250, 3.4
1667062500, 3.4
1667843750, 3.3
1668625000, 3.3
1669406250, 3.3
1670187500, 3.3
1670968750, 3.3
1671750000, 3.3
1672531250, 3.3
1673312500, 3.3
1674093750, 3.3
1674875000, 3.3
1675656250, 3.3
1676437500, 3.3
1677218750, 3.3
1678000000, 3.3
1678781250, 3.3
1679562500, 3.3
1680343750, 3.3
1681125000, 3.3
1681906250, 3.3
1682687500, 3.3
1683468750, 3.3
1684250000, 3.3
1685031250, 3.3
1685812500, 3.3
1686593750, 3.2
1687375000, 3.2
1688156250, 3.2
1688937500, 3.2
1689718750, 3.2
1690500000, 3.2
1691281250, 3.2
1692062500, 3.2
1692843750, 3.3
1693625000, 3.2
1694406250, 3.2
1695187500, 3.2
1695968750, 3.3
1696750000, 3.3
1697531250, 3.3
1698312500, 3.3
1699093750, 3.3
1699875000, 3.3
1700656250, 3.3
1701437500, 3.3
1702218750, 3.3
1703000000, 3.3
1703781250, 3.3
1704562500, 3.3
1705343750, 3.3
1706125000, 3.2
1706906250, 3.2
1707687500, 3.2
1708468750, 3.2
1709250000, 3.2
1710031250, 3.2
1710812500, 3.2
1711593750, 3.2
1712375000, 3.2
1713156250, 3.2
1713937500, 3.2
1714718750, 3.2
1715500000, 3.2
1716281250, 3.2
1717062500, 3.2
1717843750, 3.3
1718625000, 3.3
1719406250, 3.3
1720187500, 3.3
1720968750, 3.3
1721750000, 3.3
1722531250, 3.3
1723312500, 3.3
1724093750, 3.3
1724875000, 3.3
1725656250, 3.3
1726437500, 3.3
1727218750, 3.3
1728000000, 3.3
1728781250, 3.3
1729562500, 3.3
1730343750, 3.3
1731125000, 3.2
1731906250, 3.2
1732687500, 3.2
1733468750, 3.2
1734250000, 3.2
1735031250, 3.2
1735812500, 3.2
1736593750, 3.2
1737375000, 3.2
1738156250, 3.2
1738937500, 3.2
1739718750, 3.2
1740500000, 3.2
1741281250, 3.2
1742062500, 3.2
1742843750, 3.2
1743625000, 3.2
1744406250, 3.2
1745187500, 3.2
1745968750, 3.2
1746750000, 3.2
1747531250, 3.2
1748312500, 3.2
1749093750, 3.2
1749875000, 3.2
1750656250, 3.2
1751437500, 3.2
1752218750, 3.1
1753000000, 3.2
1753781250, 3.1
1754562500, 3.1
1755343750, 3.1
1756125000, 3.1
1756906250, 3.1
1757687500, 3.2
1758468750, 3.2
1759250000, 3.1
1760031250, 3.1
1760812500, 3.1
1761593750, 3.1
1762375000, 3.1
1763156250, 3.1
1763937500, 3.1
1764718750, 3.1
1765500000, 3.1
1766281250, 3.1
1767062500, 3.1
1767843750, 3.1
1768625000, 3.1
1769406250, 3.1
1770187500, 3.1
1770968750, 3.1
1771750000, 3.1
1772531250, 3.1
1773312500, 3.1
1774093750, 3.1
1774875000, 3.1
1775656250, 3.1
1776437500, 3.1
1777218750, 3.1
1778000000, 3.1
1778781250, 3.1
1779562500, 3.1
1780343750, 3.1
1781125000, 3.1
1781906250, 3.0
1782687500, 3.0
1783468750, 3.0
1784250000, 3.0
1785031250, 3.0
1785812500, 3.0
1786593750, 3.0
1787375000, 3.0
1788156250, 3.0
1788937500, 3.0
1789718750, 3.0
1790500000, 3.0
1791281250, 3.0
1792062500, 3.0
1792843750, 3.0
1793625000, 3.0
1794406250, 3.0
1795187500, 3.0
1795968750, 3.0
1796750000, 3.0
1797531250, 3.0
1798312500, 3.0
1799093750, 3.0
1799875000, 3.0
1800656250, 3.0
1801437500, 3.0
1802218750, 3.0
1803000000, 3.0
1803781250, 3.0
1804562500, 3.0
1805343750, 3.0
1806125000, 3.0
1806906250, 3.0
1807687500, 3.0
1808468750, 3.0
1809250000, 3.0
1810031250, 3.0
1810812500, 3.0
1811593750, 3.0
1812375000, 3.0
1813156250, 3.0
1813937500, 3.0
1814718750, 3.0
1815500000, 3.0
1816281250, 3.0
1817062500, 3.0
1817843750, 3.0
1818625000, 3.0
1819406250, 3.0
1820187500, 3.0
1820968750, 3.0
1821750000, 3.0
1822531250, 3.0
1823312500, 3.0
1824093750, 3.0
1824875000, 3.0
1825656250, 3.0
1826437500, 3.0
1827218750, 3.0
1828000000, 3.0
1828781250, 3.0
1829562500, 3.0
1830343750, 3.0
1831125000, 3.0
1831906250, 3.0
1832687500, 2.9
1833468750, 3.0
1834250000, 2.9
1835031250, 2.9
1835812500, 2.9
1836593750, 2.9
1837375000, 2.9
1838156250, 2.9
1838937500, 2.9
1839718750, 2.9
1840500000, 2.9
1841281250, 2.9
1842062500, 2.9
1842843750, 2.9
1843625000, 2.9
1844406250, 2.9
1845187500, 2.9
1845968750, 2.9
1846750000, 2.9
1847531250, 2.9
1848312500, 2.9
1849093750, 2.9
1849875000, 2.9
1850656250, 2.9
1851437500, 2.8
1852218750, 2.8
1853000000, 2.8
1853781250, 2.8
1854562500, 2.8
1855343750, 2.8
1856125000, 2.8
1856906250, 2.8
1857687500, 2.8
1858468750, 2.8
1859250000, 2.8
1860031250, 2.8
1860812500, 2.8
1861593750, 2.7
1862375000, 2.7
1863156250, 2.7
1863937500, 2.7
1864718750, 2.7
1865500000, 2.7
1866281250, 2.7
1867062500, 2.7
1867843750, 2.7
1868625000, 2.7
1869406250, 2.7
1870187500, 2.7
1870968750, 2.7
1871750000, 2.7
1872531250, 2.7
1873312500, 2.7
1874093750, 2.6
1874875000, 2.6
1875656250, 2.6
1876437500, 2.6
1877218750, 2.6
1878000000, 2.6
1878781250, 2.6
1879562500, 2.6
1880343750, 2.6
1881125000, 2.6
1881906250, 2.6
1882687500, 2.6
1883468750, 2.6
1884250000, 2.5
1885031250, 2.5
1885812500, 2.5
1886593750, 2.5
1887375000, 2.5
1888156250, 2.5
1888937500, 2.5
1889718750, 2.4
1890500000, 2.4
1891281250, 2.4
1892062500, 2.4
1892843750, 2.4
1893625000, 2.4
1894406250, 2.4
1895187500, 2.4
1895968750, 2.4
1896750000, 2.4
1897531250, 2.4
1898312500, 2.4
1899093750, 2.4
1899875000, 2.4
1900656250, 2.4
1901437500, 2.3
1902218750, 2.3
1903000000, 2.3
1903781250, 2.3
1904562500, 2.3
1905343750, 2.3
1906125000, 2.3
1906906250, 2.3
1907687500, 2.3
1908468750, 2.3
1909250000, 2.2
1910031250, 2.2
1910812500, 2.2
1911593750, 2.2
1912375000, 2.2
1913156250, 2.2
1913937500, 2.2
1914718750, 2.1
1915500000, 2.1
1916281250, 2.1
1917062500, 2.1
1917843750, 2.1
1918625000, 2.1
1919406250, 2.1
1920187500, 2.1
1920968750, 2.0
1921750000, 2.0
1922531250, 2.0
1923312500, 2.0
1924093750, 2.0
1924875000, 2.0
1925656250, 2.0
1926437500, 1.9
1927218750, 1.9
1928000000, 1.9
1928781250, 1.9
1929562500, 1.9
1930343750, 1.9
1931125000, 1.9
1931906250, 1.9
1932687500, 1.9
1933468750, 1.9
1934250000, 1.8
1935031250, 1.8
1935812500, 1.8
1936593750, 1.8
1937375000, 1.8
1938156250, 1.8
1938937500, 1.8
1939718750, 1.8
1940500000, 1.8
1941281250, 1.8
1942062500, 1.8
1942843750, 1.8
1943625000, 1.8
1944406250, 1.7
1945187500, 1.7
1945968750, 1.7
1946750000, 1.7
1947531250, 1.7
1948312500, 1.7
1949093750, 1.7
1949875000, 1.7
1950656250, 1.7
1951437500, 1.7
1952218750, 1.7
1953000000, 1.7
1953781250, 1.7
1954562500, 1.6
1955343750, 1.6
1956125000, 1.6
1956906250, 1.6
1957687500, 1.5
1958468750, 1.5
1959250000, 1.5
