#T_nd for A4H (coupler)
#freq [Hz], T_nd [K]
1190500000, 5.1
1191281250, 4.9
1192062500, 4.7
1192843750, 4.6
1193625000, 4.5
1194406250, 4.5
1195187500, 4.5
1195968750, 4.4
1196750000, 4.4
1197531250, 4.4
1198312500, 4.3
1199093750, 4.2
1199875000, 4.1
1200656250, 4.1
1201437500, 4.1
1202218750, 4.0
1203000000, 4.0
1203781250, 4.0
1204562500, 4.0
1205343750, 4.0
1206125000, 4.0
1206906250, 3.9
1207687500, 3.9
1208468750, 3.9
1209250000, 3.9
1210031250, 3.9
1210812500, 3.9
1211593750, 3.9
1212375000, 3.9
1213156250, 3.9
1213937500, 3.9
1214718750, 3.9
1215500000, 3.9
1216281250, 3.9
1217062500, 3.9
1217843750, 3.9
1218625000, 3.9
1219406250, 3.9
1220187500, 4.0
1220968750, 4.0
1221750000, 4.0
1222531250, 4.0
1223312500, 4.0
1224093750, 4.0
1224875000, 4.0
1225656250, 4.0
1226437500, 3.9
1227218750, 3.9
1228000000, 3.9
1228781250, 3.9
1229562500, 3.9
1230343750, 3.9
1231125000, 3.8
1231906250, 3.8
1232687500, 3.8
1233468750, 3.8
1234250000, 3.8
1235031250, 3.8
1235812500, 3.8
1236593750, 3.8
1237375000, 3.8
1238156250, 3.8
1238937500, 3.8
1239718750, 3.9
1240500000, 3.9
1241281250, 3.9
1242062500, 4.0
1242843750, 4.0
1243625000, 4.0
1244406250, 4.0
1245187500, 4.0
1245968750, 4.0
1246750000, 4.0
1247531250, 4.0
1248312500, 4.0
1249093750, 4.0
1249875000, 4.0
1250656250, 4.0
1251437500, 4.0
1252218750, 4.0
1253000000, 4.0
1253781250, 4.0
1254562500, 4.0
1255343750, 4.0
1256125000, 4.0
1256906250, 4.0
1257687500, 4.0
1258468750, 4.0
1259250000, 4.0
1260031250, 4.0
1260812500, 4.0
1261593750, 4.0
1262375000, 4.0
1263156250, 4.0
1263937500, 4.0
1264718750, 4.1
1265500000, 4.1
1266281250, 4.1
1267062500, 4.0
1267843750, 4.0
1268625000, 4.0
1269406250, 4.1
1270187500, 4.0
1270968750, 4.1
1271750000, 4.1
1272531250, 4.1
1273312500, 4.1
1274093750, 4.1
1274875000, 4.2
1275656250, 4.2
1276437500, 4.2
1277218750, 4.2
1278000000, 4.2
1278781250, 4.2
1279562500, 4.2
1280343750, 4.2
1281125000, 4.2
1281906250, 4.2
1282687500, 4.2
1283468750, 4.2
1284250000, 4.2
1285031250, 4.2
1285812500, 4.3
1286593750, 4.3
1287375000, 4.3
1288156250, 4.3
1288937500, 4.3
1289718750, 4.3
1290500000, 4.4
1291281250, 4.4
1292062500, 4.4
1292843750, 4.4
1293625000, 4.4
1294406250, 4.4
1295187500, 4.4
1295968750, 4.4
1296750000, 4.4
1297531250, 4.4
1298312500, 4.4
1299093750, 4.4
1299875000, 4.4
1300656250, 4.4
1301437500, 4.4
1302218750, 4.4
1303000000, 4.4
1303781250, 4.4
1304562500, 4.4
1305343750, 4.4
1306125000, 4.4
1306906250, 4.4
1307687500, 4.4
1308468750, 4.4
1309250000, 4.4
1310031250, 4.4
1310812500, 4.4
1311593750, 4.5
1312375000, 4.5
1313156250, 4.5
1313937500, 4.5
1314718750, 4.5
1315500000, 4.5
1316281250, 4.5
1317062500, 4.5
1317843750, 4.6
1318625000, 4.6
1319406250, 4.6
1320187500, 4.5
1320968750, 4.5
1321750000, 4.5
1322531250, 4.6
1323312500, 4.5
1324093750, 4.5
1324875000, 4.5
1325656250, 4.5
1326437500, 4.5
1327218750, 4.5
1328000000, 4.5
1328781250, 4.5
1329562500, 4.5
1330343750, 4.5
1331125000, 4.5
1331906250, 4.4
1332687500, 4.4
1333468750, 4.4
1334250000, 4.5
1335031250, 4.5
1335812500, 4.4
1336593750, 4.4
1337375000, 4.4
1338156250, 4.4
1338937500, 4.4
1339718750, 4.5
1340500000, 4.5
1341281250, 4.5
1342062500, 4.5
1342843750, 4.5
1343625000, 4.5
1344406250, 4.5
1345187500, 4.5
1345968750, 4.5
1346750000, 4.5
1347531250, 4.5
1348312500, 4.5
1349093750, 4.5
1349875000, 4.5
1350656250, 4.5
1351437500, 4.5
1352218750, 4.6
1353000000, 4.6
1353781250, 4.5
1354562500, 4.5
1355343750, 4.5
1356125000, 4.5
1356906250, 4.5
1357687500, 4.5
1358468750, 4.5
1359250000, 4.5
1360031250, 4.5
1360812500, 4.5
1361593750, 4.5
1362375000, 4.5
1363156250, 4.6
1363937500, 4.6
1364718750, 4.6
1365500000, 4.6
1366281250, 4.6
1367062500, 4.6
1367843750, 4.6
1368625000, 4.6
1369406250, 4.6
1370187500, 4.6
1370968750, 4.6
1371750000, 4.6
1372531250, 4.6
1373312500, 4.6
1374093750, 4.6
1374875000, 4.6
1375656250, 4.6
1376437500, 4.6
1377218750, 4.6
1378000000, 4.6
1378781250, 4.6
1379562500, 4.6
1380343750, 4.6
1381125000, 4.6
1381906250, 4.6
1382687500, 4.6
1383468750, 4.6
1384250000, 4.6
1385031250, 4.6
1385812500, 4.6
1386593750, 4.6
1387375000, 4.6
1388156250, 4.6
1388937500, 4.6
1389718750, 4.6
1390500000, 4.6
1391281250, 4.6
1392062500, 4.6
1392843750, 4.6
1393625000, 4.6
1394406250, 4.6
1395187500, 4.6
1395968750, 4.6
1396750000, 4.7
1397531250, 4.6
1398312500, 4.6
1399093750, 4.6
1399875000, 4.7
1400656250, 4.7
1401437500, 4.7
1402218750, 4.7
1403000000, 4.7
1403781250, 4.7
1404562500, 4.6
1405343750, 4.7
1406125000, 4.7
1406906250, 4.6
1407687500, 4.6
1408468750, 4.6
1409250000, 4.6
1410031250, 4.6
1410812500, 4.6
1411593750, 4.6
1412375000, 4.6
1413156250, 4.7
1413937500, 4.7
1414718750, 4.7
1415500000, 4.7
1416281250, 4.7
1417062500, 4.7
1417843750, 4.7
1418625000, 4.7
1419406250, 4.7
1420187500, 4.7
1420968750, 4.7
1421750000, 4.7
1422531250, 4.7
1423312500, 4.7
1424093750, 4.7
1424875000, 4.7
1425656250, 4.7
1426437500, 4.7
1427218750, 4.7
1428000000, 4.7
1428781250, 4.7
1429562500, 4.7
1430343750, 4.7
1431125000, 4.7
1431906250, 4.7
1432687500, 4.7
1433468750, 4.7
1434250000, 4.7
1435031250, 4.7
1435812500, 4.7
1436593750, 4.7
1437375000, 4.7
1438156250, 4.7
1438937500, 4.7
1439718750, 4.7
1440500000, 4.7
1441281250, 4.7
1442062500, 4.7
1442843750, 4.7
1443625000, 4.7
1444406250, 4.7
1445187500, 4.7
1445968750, 4.7
1446750000, 4.7
1447531250, 4.7
1448312500, 4.7
1449093750, 4.7
1449875000, 4.7
1450656250, 4.7
1451437500, 4.7
1452218750, 4.7
1453000000, 4.7
1453781250, 4.7
1454562500, 4.7
1455343750, 4.7
1456125000, 4.7
1456906250, 4.7
1457687500, 4.8
1458468750, 4.7
1459250000, 4.7
1460031250, 4.7
1460812500, 4.8
1461593750, 4.8
1462375000, 4.8
1463156250, 4.8
1463937500, 4.8
1464718750, 4.8
1465500000, 4.8
1466281250, 4.8
1467062500, 4.8
1467843750, 4.8
1468625000, 4.8
1469406250, 4.8
1470187500, 4.8
1470968750, 4.8
1471750000, 4.7
1472531250, 4.5
1473312500, 4.5
1474093750, 4.5
1474875000, 4.5
1475656250, 4.5
1476437500, 4.5
1477218750, 4.5
1478000000, 4.6
1478781250, 4.6
1479562500, 4.6
1480343750, 4.6
1481125000, 4.7
1481906250, 4.7
1482687500, 4.7
1483468750, 4.7
1484250000, 4.7
1485031250, 4.7
1485812500, 4.7
1486593750, 4.7
1487375000, 4.7
1488156250, 4.7
1488937500, 4.7
1489718750, 4.7
1490500000, 4.7
1491281250, 4.7
1492062500, 4.7
1492843750, 4.7
1493625000, 4.7
1494406250, 4.7
1495187500, 4.7
1495968750, 4.6
1496750000, 4.6
1497531250, 4.6
1498312500, 4.6
1499093750, 4.6
1499875000, 4.7
1500656250, 4.6
1501437500, 4.6
1502218750, 4.6
1503000000, 4.6
1503781250, 4.6
1504562500, 4.6
1505343750, 4.6
1506125000, 4.6
1506906250, 4.6
1507687500, 4.6
1508468750, 4.6
1509250000, 4.6
1510031250, 4.6
1510812500, 4.6
1511593750, 4.6
1512375000, 4.6
1513156250, 4.6
1513937500, 4.6
1514718750, 4.6
1515500000, 4.6
1516281250, 4.6
1517062500, 4.6
1517843750, 4.6
1518625000, 4.6
1519406250, 4.6
1520187500, 4.6
1520968750, 4.6
1521750000, 4.6
1522531250, 4.6
1523312500, 4.6
1524093750, 4.6
1524875000, 4.6
1525656250, 4.6
1526437500, 4.6
1527218750, 4.6
1528000000, 4.6
1528781250, 4.6
1529562500, 4.6
1530343750, 4.6
1531125000, 4.6
1531906250, 4.6
1532687500, 4.6
1533468750, 4.5
1534250000, 4.5
1535031250, 4.5
1535812500, 4.5
1536593750, 4.5
1537375000, 4.5
1538156250, 4.5
1538937500, 4.5
1539718750, 4.5
1540500000, 4.5
1541281250, 4.5
1542062500, 4.5
1542843750, 4.5
1543625000, 4.5
1544406250, 4.5
1545187500, 4.5
1545968750, 4.5
1546750000, 4.5
1547531250, 4.5
1548312500, 4.6
1549093750, 4.6
1549875000, 4.6
1550656250, 4.6
1551437500, 4.6
1552218750, 4.6
1553000000, 4.6
1553781250, 4.6
1554562500, 4.6
1555343750, 4.6
1556125000, 4.6
1556906250, 4.6
1557687500, 4.6
1558468750, 4.6
1559250000, 4.6
1560031250, 4.6
1560812500, 4.6
1561593750, 4.6
1562375000, 4.6
1563156250, 4.6
1563937500, 4.6
1564718750, 4.6
1565500000, 4.6
1566281250, 4.6
1567062500, 4.6
1567843750, 4.6
1568625000, 4.6
1569406250, 4.6
1570187500, 4.6
1570968750, 4.6
1571750000, 4.6
1572531250, 4.6
1573312500, 4.6
1574093750, 4.6
1574875000, 4.6
1575656250, 4.6
1576437500, 4.6
1577218750, 4.5
1578000000, 4.5
1578781250, 4.5
1579562500, 4.5
1580343750, 4.5
1581125000, 4.5
1581906250, 4.5
1582687500, 4.5
1583468750, 4.5
1584250000, 4.5
1585031250, 4.5
1585812500, 4.5
1586593750, 4.5
1587375000, 4.5
1588156250, 4.5
1588937500, 4.5
1589718750, 4.5
1590500000, 4.5
1591281250, 4.5
1592062500, 4.5
1592843750, 4.5
1593625000, 4.5
1594406250, 4.5
1595187500, 4.5
1595968750, 4.5
1596750000, 4.5
1597531250, 4.5
1598312500, 4.5
1599093750, 4.5
1599875000, 4.5
1600656250, 4.5
1601437500, 4.5
1602218750, 4.5
1603000000, 4.5
1603781250, 4.5
1604562500, 4.5
1605343750, 4.5
1606125000, 4.5
1606906250, 4.5
1607687500, 4.5
1608468750, 4.5
1609250000, 4.5
1610031250, 4.5
1610812500, 4.5
1611593750, 4.5
1612375000, 4.5
1613156250, 4.5
1613937500, 4.5
1614718750, 4.5
1615500000, 4.5
1616281250, 4.5
1617062500, 4.5
1617843750, 4.4
1618625000, 4.5
1619406250, 4.5
1620187500, 4.4
1620968750, 4.4
1621750000, 4.4
1622531250, 4.5
1623312500, 4.5
1624093750, 4.5
1624875000, 4.4
1625656250, 4.4
1626437500, 4.4
1627218750, 4.4
1628000000, 4.4
1628781250, 4.4
1629562500, 4.4
1630343750, 4.4
1631125000, 4.4
1631906250, 4.4
1632687500, 4.4
1633468750, 4.4
1634250000, 4.3
1635031250, 4.3
1635812500, 4.3
1636593750, 4.3
1637375000, 4.3
1638156250, 4.3
1638937500, 4.3
1639718750, 4.3
1640500000, 4.3
1641281250, 4.3
1642062500, 4.3
1642843750, 4.3
1643625000, 4.3
1644406250, 4.3
1645187500, 4.3
1645968750, 4.3
1646750000, 4.3
1647531250, 4.3
1648312500, 4.3
1649093750, 4.3
1649875000, 4.3
1650656250, 4.3
1651437500, 4.3
1652218750, 4.3
1653000000, 4.3
1653781250, 4.3
1654562500, 4.3
1655343750, 4.3
1656125000, 4.3
1656906250, 4.3
1657687500, 4.3
1658468750, 4.3
1659250000, 4.3
1660031250, 4.2
1660812500, 4.2
1661593750, 4.2
1662375000, 4.2
1663156250, 4.2
1663937500, 4.2
1664718750, 4.2
1665500000, 4.2
1666281250, 4.2
1667062500, 4.2
1667843750, 4.2
1668625000, 4.2
1669406250, 4.2
1670187500, 4.2
1670968750, 4.2
1671750000, 4.2
1672531250, 4.2
1673312500, 4.2
1674093750, 4.2
1674875000, 4.2
1675656250, 4.2
1676437500, 4.2
1677218750, 4.2
1678000000, 4.2
1678781250, 4.2
1679562500, 4.2
1680343750, 4.2
1681125000, 4.2
1681906250, 4.2
1682687500, 4.2
1683468750, 4.1
1684250000, 4.1
1685031250, 4.1
1685812500, 4.1
1686593750, 4.1
1687375000, 4.1
1688156250, 4.1
1688937500, 4.1
1689718750, 4.1
1690500000, 4.1
1691281250, 4.1
1692062500, 4.1
1692843750, 4.1
1693625000, 4.1
1694406250, 4.1
1695187500, 4.1
1695968750, 4.1
1696750000, 4.1
1697531250, 4.1
1698312500, 4.1
1699093750, 4.1
1699875000, 4.1
1700656250, 4.1
1701437500, 4.1
1702218750, 4.1
1703000000, 4.1
1703781250, 4.1
1704562500, 4.1
1705343750, 4.1
1706125000, 4.1
1706906250, 4.1
1707687500, 4.0
1708468750, 4.0
1709250000, 4.0
1710031250, 4.0
1710812500, 4.0
1711593750, 4.0
1712375000, 4.0
1713156250, 3.9
1713937500, 3.9
1714718750, 3.9
1715500000, 3.9
1716281250, 3.9
1717062500, 3.9
1717843750, 3.9
1718625000, 3.9
1719406250, 3.9
1720187500, 3.9
1720968750, 3.9
1721750000, 3.9
1722531250, 3.9
1723312500, 3.9
1724093750, 3.9
1724875000, 3.9
1725656250, 3.9
1726437500, 3.9
1727218750, 3.9
1728000000, 3.9
1728781250, 3.9
1729562500, 3.8
1730343750, 3.8
1731125000, 3.8
1731906250, 3.8
1732687500, 3.8
1733468750, 3.8
1734250000, 3.8
1735031250, 3.8
1735812500, 3.8
1736593750, 3.7
1737375000, 3.7
1738156250, 3.7
1738937500, 3.7
1739718750, 3.7
1740500000, 3.7
1741281250, 3.7
1742062500, 3.7
1742843750, 3.7
1743625000, 3.7
1744406250, 3.7
1745187500, 3.7
1745968750, 3.7
1746750000, 3.7
1747531250, 3.7
1748312500, 3.6
1749093750, 3.6
1749875000, 3.6
1750656250, 3.6
1751437500, 3.6
1752218750, 3.6
1753000000, 3.5
1753781250, 3.5
1754562500, 3.5
1755343750, 3.5
1756125000, 3.5
1756906250, 3.5
1757687500, 3.5
1758468750, 3.5
1759250000, 3.5
1760031250, 3.5
1760812500, 3.5
1761593750, 3.5
1762375000, 3.4
1763156250, 3.4
1763937500, 3.4
1764718750, 3.4
1765500000, 3.4
1766281250, 3.4
1767062500, 3.4
1767843750, 3.4
1768625000, 3.3
1769406250, 3.3
1770187500, 3.3
1770968750, 3.3
1771750000, 3.3
1772531250, 3.3
1773312500, 3.3
1774093750, 3.3
1774875000, 3.3
1775656250, 3.3
1776437500, 3.3
1777218750, 3.3
1778000000, 3.3
1778781250, 3.3
1779562500, 3.2
1780343750, 3.2
1781125000, 3.2
1781906250, 3.2
1782687500, 3.2
1783468750, 3.2
1784250000, 3.2
1785031250, 3.2
1785812500, 3.2
1786593750, 3.1
1787375000, 3.1
1788156250, 3.1
1788937500, 3.1
1789718750, 3.1
1790500000, 3.1
1791281250, 3.1
1792062500, 3.1
1792843750, 3.0
1793625000, 3.0
1794406250, 3.0
1795187500, 3.0
1795968750, 3.0
1796750000, 3.0
1797531250, 2.9
1798312500, 2.9
1799093750, 2.9
1799875000, 2.9
1800656250, 3.0
1801437500, 3.0
1802218750, 2.9
1803000000, 2.9
1803781250, 3.0
1804562500, 3.0
1805343750, 2.9
1806125000, 2.9
1806906250, 2.9
1807687500, 3.0
1808468750, 2.9
1809250000, 2.9
1810031250, 2.9
1810812500, 2.9
1811593750, 2.9
1812375000, 2.9
1813156250, 2.9
1813937500, 2.9
1814718750, 2.9
1815500000, 2.9
1816281250, 2.9
1817062500, 2.9
1817843750, 2.8
1818625000, 2.8
1819406250, 2.8
1820187500, 2.8
1820968750, 2.8
1821750000, 2.8
1822531250, 2.8
1823312500, 2.8
1824093750, 2.8
1824875000, 2.8
1825656250, 2.8
1826437500, 2.8
1827218750, 2.8
1828000000, 2.8
1828781250, 2.8
1829562500, 2.8
1830343750, 2.7
1831125000, 2.7
1831906250, 2.7
1832687500, 2.7
1833468750, 2.7
1834250000, 2.7
1835031250, 2.7
1835812500, 2.7
1836593750, 2.7
1837375000, 2.7
1838156250, 2.7
1838937500, 2.7
1839718750, 2.7
1840500000, 2.7
1841281250, 2.7
1842062500, 2.7
1842843750, 2.7
1843625000, 2.7
1844406250, 2.7
1845187500, 2.7
1845968750, 2.7
1846750000, 2.7
1847531250, 2.7
1848312500, 2.7
1849093750, 2.7
1849875000, 2.7
1850656250, 2.7
1851437500, 2.7
1852218750, 2.7
1853000000, 2.7
1853781250, 2.7
1854562500, 2.7
1855343750, 2.7
1856125000, 2.7
1856906250, 2.7
1857687500, 2.7
1858468750, 2.7
1859250000, 2.7
1860031250, 2.7
1860812500, 2.7
1861593750, 2.7
1862375000, 2.7
1863156250, 2.7
1863937500, 2.7
1864718750, 2.7
1865500000, 2.7
1866281250, 2.7
1867062500, 2.7
1867843750, 2.7
1868625000, 2.7
1869406250, 2.6
1870187500, 2.7
1870968750, 2.7
1871750000, 2.7
1872531250, 2.7
1873312500, 2.7
1874093750, 2.7
1874875000, 2.7
1875656250, 2.7
1876437500, 2.7
1877218750, 2.7
1878000000, 2.7
1878781250, 2.7
1879562500, 2.8
1880343750, 2.8
1881125000, 2.8
1881906250, 2.8
1882687500, 2.8
1883468750, 2.8
1884250000, 2.8
1885031250, 2.8
1885812500, 2.8
1886593750, 2.8
1887375000, 2.8
1888156250, 2.8
1888937500, 2.8
1889718750, 2.8
1890500000, 2.8
1891281250, 2.8
1892062500, 2.8
1892843750, 2.8
1893625000, 2.8
1894406250, 2.8
1895187500, 2.8
1895968750, 2.8
1896750000, 2.8
1897531250, 2.8
1898312500, 2.8
1899093750, 2.8
1899875000, 2.8
1900656250, 2.8
1901437500, 2.8
1902218750, 2.8
1903000000, 2.8
1903781250, 2.8
1904562500, 2.8
1905343750, 2.8
1906125000, 2.8
1906906250, 2.8
1907687500, 2.8
1908468750, 2.8
1909250000, 2.8
1910031250, 2.8
1910812500, 2.9
1911593750, 2.8
1912375000, 2.8
1913156250, 2.8
1913937500, 2.8
1914718750, 2.8
1915500000, 2.8
1916281250, 2.8
1917062500, 2.8
1917843750, 2.8
1918625000, 2.8
1919406250, 2.8
1920187500, 2.8
1920968750, 2.8
1921750000, 2.8
1922531250, 2.8
1923312500, 2.8
1924093750, 2.8
1924875000, 2.8
1925656250, 2.8
1926437500, 2.8
1927218750, 2.8
1928000000, 2.7
1928781250, 2.7
1929562500, 2.7
1930343750, 2.8
1931125000, 2.8
1931906250, 2.8
1932687500, 2.7
1933468750, 2.7
1934250000, 2.8
1935031250, 2.8
1935812500, 2.8
1936593750, 2.8
1937375000, 2.8
1938156250, 2.8
1938937500, 2.8
1939718750, 2.8
1940500000, 2.8
1941281250, 2.8
1942062500, 2.8
1942843750, 2.8
1943625000, 2.7
1944406250, 2.7
1945187500, 2.7
1945968750, 2.7
1946750000, 2.7
1947531250, 2.7
1948312500, 2.7
1949093750, 2.7
1949875000, 2.7
1950656250, 2.7
1951437500, 2.7
1952218750, 2.7
1953000000, 2.7
1953781250, 2.7
1954562500, 2.7
1955343750, 2.7
1956125000, 2.7
1956906250, 2.7
1957687500, 2.7
1958468750, 2.7
1959250000, 2.7
