#T_nd for A3V (coupler)
#freq [Hz], T_nd [K]
1190500000, 4.2
1191281250, 4.2
1192062500, 4.2
1192843750, 4.2
1193625000, 4.2
1194406250, 4.2
1195187500, 4.2
1195968750, 4.2
1196750000, 4.2
1197531250, 4.2
1198312500, 4.2
1199093750, 4.2
1199875000, 4.2
1200656250, 4.2
1201437500, 4.1
1202218750, 4.1
1203000000, 4.1
1203781250, 4.1
1204562500, 4.1
1205343750, 4.1
1206125000, 4.1
1206906250, 4.1
1207687500, 4.1
1208468750, 4.1
1209250000, 4.1
1210031250, 4.1
1210812500, 4.1
1211593750, 4.2
1212375000, 4.2
1213156250, 4.2
1213937500, 4.2
1214718750, 4.2
1215500000, 4.2
1216281250, 4.2
1217062500, 4.2
1217843750, 4.2
1218625000, 4.2
1219406250, 4.2
1220187500, 4.2
1220968750, 4.2
1221750000, 4.2
1222531250, 4.2
1223312500, 4.2
1224093750, 4.2
1224875000, 4.2
1225656250, 4.2
1226437500, 4.2
1227218750, 4.2
1228000000, 4.2
1228781250, 4.2
1229562500, 4.2
1230343750, 4.2
1231125000, 4.1
1231906250, 4.1
1232687500, 4.2
1233468750, 4.2
1234250000, 4.2
1235031250, 4.1
1235812500, 4.1
1236593750, 4.1
1237375000, 4.1
1238156250, 4.1
1238937500, 4.1
1239718750, 4.1
1240500000, 4.1
1241281250, 4.1
1242062500, 4.1
1242843750, 4.1
1243625000, 4.1
1244406250, 4.1
1245187500, 4.1
1245968750, 4.1
1246750000, 4.1
1247531250, 4.2
1248312500, 4.2
1249093750, 4.2
1249875000, 4.2
1250656250, 4.2
1251437500, 4.2
1252218750, 4.2
1253000000, 4.2
1253781250, 4.2
1254562500, 4.2
1255343750, 4.2
1256125000, 4.2
1256906250, 4.2
1257687500, 4.2
1258468750, 4.2
1259250000, 4.2
1260031250, 4.2
1260812500, 4.2
1261593750, 4.2
1262375000, 4.2
1263156250, 4.2
1263937500, 4.2
1264718750, 4.2
1265500000, 4.3
1266281250, 4.3
1267062500, 4.3
1267843750, 4.3
1268625000, 4.3
1269406250, 4.3
1270187500, 4.3
1270968750, 4.3
1271750000, 4.3
1272531250, 4.3
1273312500, 4.3
1274093750, 4.3
1274875000, 4.3
1275656250, 4.3
1276437500, 4.3
1277218750, 4.3
1278000000, 4.2
1278781250, 4.2
1279562500, 4.2
1280343750, 4.2
1281125000, 4.2
1281906250, 4.2
1282687500, 4.2
1283468750, 4.2
1284250000, 4.2
1285031250, 4.2
1285812500, 4.2
1286593750, 4.2
1287375000, 4.2
1288156250, 4.2
1288937500, 4.3
1289718750, 4.3
1290500000, 4.3
1291281250, 4.3
1292062500, 4.3
1292843750, 4.3
1293625000, 4.3
1294406250, 4.3
1295187500, 4.3
1295968750, 4.4
1296750000, 4.4
1297531250, 4.4
1298312500, 4.4
1299093750, 4.4
1299875000, 4.4
1300656250, 4.4
1301437500, 4.4
1302218750, 4.4
1303000000, 4.4
1303781250, 4.4
1304562500, 4.4
1305343750, 4.4
1306125000, 4.4
1306906250, 4.4
1307687500, 4.4
1308468750, 4.4
1309250000, 4.4
1310031250, 4.4
1310812500, 4.4
1311593750, 4.4
1312375000, 4.5
1313156250, 4.5
1313937500, 4.5
1314718750, 4.5
1315500000, 4.5
1316281250, 4.5
1317062500, 4.5
1317843750, 4.5
1318625000, 4.5
1319406250, 4.5
1320187500, 4.5
1320968750, 4.5
1321750000, 4.6
1322531250, 4.6
1323312500, 4.6
1324093750, 4.6
1324875000, 4.6
1325656250, 4.6
1326437500, 4.6
1327218750, 4.6
1328000000, 4.6
1328781250, 4.6
1329562500, 4.6
1330343750, 4.6
1331125000, 4.5
1331906250, 4.5
1332687500, 4.5
1333468750, 4.5
1334250000, 4.5
1335031250, 4.5
1335812500, 4.5
1336593750, 4.5
1337375000, 4.5
1338156250, 4.5
1338937500, 4.5
1339718750, 4.5
1340500000, 4.5
1341281250, 4.5
1342062500, 4.5
1342843750, 4.5
1343625000, 4.5
1344406250, 4.5
1345187500, 4.5
1345968750, 4.5
1346750000, 4.5
1347531250, 4.5
1348312500, 4.5
1349093750, 4.5
1349875000, 4.5
1350656250, 4.5
1351437500, 4.5
1352218750, 4.5
1353000000, 4.5
1353781250, 4.5
1354562500, 4.5
1355343750, 4.5
1356125000, 4.5
1356906250, 4.5
1357687500, 4.5
1358468750, 4.5
1359250000, 4.5
1360031250, 4.5
1360812500, 4.5
1361593750, 4.5
1362375000, 4.5
1363156250, 4.5
1363937500, 4.5
1364718750, 4.5
1365500000, 4.5
1366281250, 4.5
1367062500, 4.6
1367843750, 4.6
1368625000, 4.6
1369406250, 4.6
1370187500, 4.6
1370968750, 4.6
1371750000, 4.6
1372531250, 4.7
1373312500, 4.7
1374093750, 4.7
1374875000, 4.7
1375656250, 4.7
1376437500, 4.7
1377218750, 4.7
1378000000, 4.7
1378781250, 4.7
1379562500, 4.7
1380343750, 4.7
1381125000, 4.7
1381906250, 4.7
1382687500, 4.7
1383468750, 4.7
1384250000, 4.7
1385031250, 4.7
1385812500, 4.7
1386593750, 4.7
1387375000, 4.7
1388156250, 4.7
1388937500, 4.7
1389718750, 4.7
1390500000, 4.7
1391281250, 4.7
1392062500, 4.7
1392843750, 4.7
1393625000, 4.7
1394406250, 4.7
1395187500, 4.7
1395968750, 4.7
1396750000, 4.7
1397531250, 4.7
1398312500, 4.7
1399093750, 4.7
1399875000, 4.7
1400656250, 4.7
1401437500, 4.7
1402218750, 4.7
1403000000, 4.7
1403781250, 4.7
1404562500, 4.7
1405343750, 4.7
1406125000, 4.7
1406906250, 4.7
1407687500, 4.7
1408468750, 4.7
1409250000, 4.7
1410031250, 4.7
1410812500, 4.7
1411593750, 4.7
1412375000, 4.7
1413156250, 4.7
1413937500, 4.7
1414718750, 4.7
1415500000, 4.7
1416281250, 4.7
1417062500, 4.7
1417843750, 4.7
1418625000, 4.7
1419406250, 4.7
1420187500, 4.8
1420968750, 4.8
1421750000, 4.8
1422531250, 4.8
1423312500, 4.8
1424093750, 4.8
1424875000, 4.8
1425656250, 4.8
1426437500, 4.8
1427218750, 4.8
1428000000, 4.8
1428781250, 4.8
1429562500, 4.8
1430343750, 4.7
1431125000, 4.7
1431906250, 4.7
1432687500, 4.7
1433468750, 4.8
1434250000, 4.8
1435031250, 4.8
1435812500, 4.8
1436593750, 4.8
1437375000, 4.7
1438156250, 4.8
1438937500, 4.8
1439718750, 4.8
1440500000, 4.8
1441281250, 4.8
1442062500, 4.8
1442843750, 4.8
1443625000, 4.8
1444406250, 4.8
1445187500, 4.8
1445968750, 4.8
1446750000, 4.8
1447531250, 4.8
1448312500, 4.8
1449093750, 4.8
1449875000, 4.8
1450656250, 4.8
1451437500, 4.8
1452218750, 4.8
1453000000, 4.8
1453781250, 4.8
1454562500, 4.8
1455343750, 4.8
1456125000, 4.8
1456906250, 4.8
1457687500, 4.8
1458468750, 4.8
1459250000, 4.8
1460031250, 4.8
1460812500, 4.8
1461593750, 4.8
1462375000, 4.8
1463156250, 4.8
1463937500, 4.9
1464718750, 4.9
1465500000, 4.9
1466281250, 4.9
1467062500, 4.9
1467843750, 4.9
1468625000, 4.9
1469406250, 4.9
1470187500, 4.9
1470968750, 4.9
1471750000, 4.9
1472531250, 4.9
1473312500, 4.9
1474093750, 4.9
1474875000, 4.9
1475656250, 4.9
1476437500, 4.9
1477218750, 4.8
1478000000, 4.8
1478781250, 4.8
1479562500, 4.8
1480343750, 4.8
1481125000, 4.8
1481906250, 4.8
1482687500, 4.8
1483468750, 4.8
1484250000, 4.8
1485031250, 4.8
1485812500, 4.8
1486593750, 4.8
1487375000, 4.8
1488156250, 4.8
1488937500, 4.8
1489718750, 4.7
1490500000, 4.8
1491281250, 4.8
1492062500, 4.7
1492843750, 4.7
1493625000, 4.7
1494406250, 4.7
1495187500, 4.7
1495968750, 4.7
1496750000, 4.8
1497531250, 4.8
1498312500, 4.7
1499093750, 4.7
1499875000, 4.8
1500656250, 4.7
1501437500, 4.8
1502218750, 4.8
1503000000, 4.8
1503781250, 4.8
1504562500, 4.8
1505343750, 4.7
1506125000, 4.7
1506906250, 4.7
1507687500, 4.7
1508468750, 4.7
1509250000, 4.7
1510031250, 4.7
1510812500, 4.7
1511593750, 4.6
1512375000, 4.6
1513156250, 4.6
1513937500, 4.6
1514718750, 4.6
1515500000, 4.6
1516281250, 4.6
1517062500, 4.6
1517843750, 4.6
1518625000, 4.6
1519406250, 4.6
1520187500, 4.6
1520968750, 4.6
1521750000, 4.6
1522531250, 4.6
1523312500, 4.6
1524093750, 4.6
1524875000, 4.6
1525656250, 4.6
1526437500, 4.6
1527218750, 4.6
1528000000, 4.5
1528781250, 4.5
1529562500, 4.5
1530343750, 4.5
1531125000, 4.5
1531906250, 4.5
1532687500, 4.5
1533468750, 4.5
1534250000, 4.5
1535031250, 4.5
1535812500, 4.5
1536593750, 4.5
1537375000, 4.5
1538156250, 4.5
1538937500, 4.5
1539718750, 4.5
1540500000, 4.5
1541281250, 4.5
1542062500, 4.5
1542843750, 4.5
1543625000, 4.5
1544406250, 4.5
1545187500, 4.5
1545968750, 4.6
1546750000, 4.6
1547531250, 4.6
1548312500, 4.5
1549093750, 4.5
1549875000, 4.5
1550656250, 4.6
1551437500, 4.6
1552218750, 4.6
1553000000, 4.6
1553781250, 4.6
1554562500, 4.6
1555343750, 4.6
1556125000, 4.5
1556906250, 4.5
1557687500, 4.5
1558468750, 4.5
1559250000, 4.5
1560031250, 4.5
1560812500, 4.5
1561593750, 4.5
1562375000, 4.5
1563156250, 4.5
1563937500, 4.5
1564718750, 4.5
1565500000, 4.5
1566281250, 4.5
1567062500, 4.5
1567843750, 4.5
1568625000, 4.5
1569406250, 4.5
1570187500, 4.5
1570968750, 4.5
1571750000, 4.5
1572531250, 4.5
1573312500, 4.5
1574093750, 4.5
1574875000, 4.6
1575656250, 4.6
1576437500, 4.6
1577218750, 4.6
1578000000, 4.6
1578781250, 4.6
1579562500, 4.6
1580343750, 4.6
1581125000, 4.6
1581906250, 4.6
1582687500, 4.6
1583468750, 4.6
1584250000, 4.6
1585031250, 4.6
1585812500, 4.6
1586593750, 4.6
1587375000, 4.6
1588156250, 4.6
1588937500, 4.6
1589718750, 4.6
1590500000, 4.6
1591281250, 4.6
1592062500, 4.6
1592843750, 4.6
1593625000, 4.6
1594406250, 4.6
1595187500, 4.6
1595968750, 4.6
1596750000, 4.6
1597531250, 4.6
1598312500, 4.6
1599093750, 4.6
1599875000, 4.6
1600656250, 4.6
1601437500, 4.6
1602218750, 4.6
1603000000, 4.6
1603781250, 4.6
1604562500, 4.6
1605343750, 4.6
1606125000, 4.6
1606906250, 4.6
1607687500, 4.6
1608468750, 4.6
1609250000, 4.6
1610031250, 4.6
1610812500, 4.6
1611593750, 4.6
1612375000, 4.6
1613156250, 4.6
1613937500, 4.6
1614718750, 4.6
1615500000, 4.6
1616281250, 4.6
1617062500, 4.6
1617843750, 4.6
1618625000, 4.6
1619406250, 4.6
1620187500, 4.7
1620968750, 4.7
1621750000, 4.7
1622531250, 4.8
1623312500, 4.8
1624093750, 4.8
1624875000, 4.7
1625656250, 4.7
1626437500, 4.7
1627218750, 4.7
1628000000, 4.7
1628781250, 4.7
1629562500, 4.7
1630343750, 4.6
1631125000, 4.6
1631906250, 4.6
1632687500, 4.6
1633468750, 4.6
1634250000, 4.6
1635031250, 4.6
1635812500, 4.6
1636593750, 4.6
1637375000, 4.6
1638156250, 4.6
1638937500, 4.6
1639718750, 4.6
1640500000, 4.6
1641281250, 4.6
1642062500, 4.6
1642843750, 4.6
1643625000, 4.6
1644406250, 4.6
1645187500, 4.6
1645968750, 4.6
1646750000, 4.6
1647531250, 4.6
1648312500, 4.6
1649093750, 4.6
1649875000, 4.6
1650656250, 4.6
1651437500, 4.5
1652218750, 4.5
1653000000, 4.5
1653781250, 4.5
1654562500, 4.5
1655343750, 4.5
1656125000, 4.5
1656906250, 4.5
1657687500, 4.5
1658468750, 4.5
1659250000, 4.5
1660031250, 4.5
1660812500, 4.5
1661593750, 4.5
1662375000, 4.5
1663156250, 4.5
1663937500, 4.5
1664718750, 4.5
1665500000, 4.5
1666281250, 4.5
1667062500, 4.5
1667843750, 4.5
1668625000, 4.5
1669406250, 4.5
1670187500, 4.5
1670968750, 4.4
1671750000, 4.4
1672531250, 4.4
1673312500, 4.4
1674093750, 4.3
1674875000, 4.3
1675656250, 4.3
1676437500, 4.3
1677218750, 4.3
1678000000, 4.3
1678781250, 4.3
1679562500, 4.3
1680343750, 4.3
1681125000, 4.3
1681906250, 4.3
1682687500, 4.3
1683468750, 4.3
1684250000, 4.3
1685031250, 4.3
1685812500, 4.3
1686593750, 4.3
1687375000, 4.3
1688156250, 4.2
1688937500, 4.2
1689718750, 4.2
1690500000, 4.2
1691281250, 4.2
1692062500, 4.1
1692843750, 4.1
1693625000, 4.1
1694406250, 4.1
1695187500, 4.1
1695968750, 4.1
1696750000, 4.2
1697531250, 4.2
1698312500, 4.2
1699093750, 4.2
1699875000, 4.2
1700656250, 4.2
1701437500, 4.2
1702218750, 4.2
1703000000, 4.2
1703781250, 4.2
1704562500, 4.2
1705343750, 4.2
1706125000, 4.2
1706906250, 4.2
1707687500, 4.2
1708468750, 4.1
1709250000, 4.1
1710031250, 4.0
1710812500, 4.0
1711593750, 4.0
1712375000, 4.0
1713156250, 3.9
1713937500, 3.9
1714718750, 3.9
1715500000, 3.9
1716281250, 3.9
1717062500, 3.9
1717843750, 3.9
1718625000, 3.9
1719406250, 4.0
1720187500, 3.9
1720968750, 3.9
1721750000, 3.9
1722531250, 3.9
1723312500, 3.9
1724093750, 3.9
1724875000, 3.9
1725656250, 3.9
1726437500, 3.9
1727218750, 3.9
1728000000, 3.9
1728781250, 3.8
1729562500, 3.8
1730343750, 3.8
1731125000, 3.8
1731906250, 3.8
1732687500, 3.8
1733468750, 3.8
1734250000, 3.8
1735031250, 3.8
1735812500, 3.8
1736593750, 3.8
1737375000, 3.7
1738156250, 3.7
1738937500, 3.7
1739718750, 3.7
1740500000, 3.7
1741281250, 3.7
1742062500, 3.7
1742843750, 3.7
1743625000, 3.7
1744406250, 3.6
1745187500, 3.6
1745968750, 3.6
1746750000, 3.6
1747531250, 3.5
1748312500, 3.5
1749093750, 3.5
1749875000, 3.5
1750656250, 3.5
1751437500, 3.4
1752218750, 3.4
1753000000, 3.4
1753781250, 3.4
1754562500, 3.4
1755343750, 3.4
1756125000, 3.4
1756906250, 3.4
1757687500, 3.4
1758468750, 3.4
1759250000, 3.3
1760031250, 3.3
1760812500, 3.3
1761593750, 3.2
1762375000, 3.2
1763156250, 3.2
1763937500, 3.2
1764718750, 3.2
1765500000, 3.2
1766281250, 3.1
1767062500, 3.1
1767843750, 3.1
1768625000, 3.1
1769406250, 3.1
1770187500, 3.1
1770968750, 3.0
1771750000, 3.0
1772531250, 3.0
1773312500, 3.0
1774093750, 3.0
1774875000, 3.0
1775656250, 3.0
1776437500, 3.0
1777218750, 2.9
1778000000, 2.9
1778781250, 2.9
1779562500, 2.9
1780343750, 2.9
1781125000, 2.9
1781906250, 2.8
1782687500, 2.8
1783468750, 2.7
1784250000, 2.7
1785031250, 2.7
1785812500, 2.7
1786593750, 2.7
1787375000, 2.7
1788156250, 2.7
1788937500, 2.7
1789718750, 2.7
1790500000, 2.6
1791281250, 2.6
1792062500, 2.6
1792843750, 2.6
1793625000, 2.6
1794406250, 2.6
1795187500, 2.5
1795968750, 2.5
1796750000, 2.5
1797531250, 2.5
1798312500, 2.5
1799093750, 2.5
1799875000, 2.6
1800656250, 2.6
1801437500, 2.6
1802218750, 2.5
1803000000, 2.5
1803781250, 2.5
1804562500, 2.5
1805343750, 2.5
1806125000, 2.5
1806906250, 2.5
1807687500, 2.5
1808468750, 2.5
1809250000, 2.5
1810031250, 2.5
1810812500, 2.5
1811593750, 2.5
1812375000, 2.5
1813156250, 2.5
1813937500, 2.5
1814718750, 2.5
1815500000, 2.5
1816281250, 2.5
1817062500, 2.5
1817843750, 2.4
1818625000, 2.4
1819406250, 2.4
1820187500, 2.4
1820968750, 2.4
1821750000, 2.4
1822531250, 2.4
1823312500, 2.4
1824093750, 2.4
1824875000, 2.5
1825656250, 2.5
1826437500, 2.5
1827218750, 2.5
1828000000, 2.5
1828781250, 2.5
1829562500, 2.5
1830343750, 2.5
1831125000, 2.5
1831906250, 2.5
1832687500, 2.6
1833468750, 2.6
1834250000, 2.6
1835031250, 2.6
1835812500, 2.6
1836593750, 2.6
1837375000, 2.6
1838156250, 2.6
1838937500, 2.6
1839718750, 2.6
1840500000, 2.6
1841281250, 2.6
1842062500, 2.6
1842843750, 2.6
1843625000, 2.6
1844406250, 2.6
1845187500, 2.7
1845968750, 2.7
1846750000, 2.7
1847531250, 2.7
1848312500, 2.7
1849093750, 2.7
1849875000, 2.7
1850656250, 2.7
1851437500, 2.7
1852218750, 2.7
1853000000, 2.7
1853781250, 2.7
1854562500, 2.8
1855343750, 2.8
1856125000, 2.8
1856906250, 2.8
1857687500, 2.8
1858468750, 2.9
1859250000, 2.9
1860031250, 2.9
1860812500, 2.9
1861593750, 2.9
1862375000, 2.9
1863156250, 2.9
1863937500, 2.9
1864718750, 2.9
1865500000, 2.9
1866281250, 2.9
1867062500, 2.9
1867843750, 2.9
1868625000, 2.9
1869406250, 2.9
1870187500, 2.9
1870968750, 2.9
1871750000, 2.9
1872531250, 2.9
1873312500, 2.9
1874093750, 2.9
1874875000, 2.9
1875656250, 2.9
1876437500, 2.9
1877218750, 2.9
1878000000, 2.9
1878781250, 2.9
1879562500, 3.0
1880343750, 3.0
1881125000, 2.9
1881906250, 2.9
1882687500, 2.9
1883468750, 2.9
1884250000, 2.9
1885031250, 2.9
1885812500, 2.9
1886593750, 2.9
1887375000, 2.9
1888156250, 2.9
1888937500, 2.9
1889718750, 2.9
1890500000, 2.8
1891281250, 2.8
1892062500, 2.8
1892843750, 2.8
1893625000, 2.8
1894406250, 2.8
1895187500, 2.7
1895968750, 2.7
1896750000, 2.7
1897531250, 2.7
1898312500, 2.7
1899093750, 2.7
1899875000, 2.7
1900656250, 2.7
1901437500, 2.7
1902218750, 2.7
1903000000, 2.7
1903781250, 2.7
1904562500, 2.7
1905343750, 2.7
1906125000, 2.7
1906906250, 2.7
1907687500, 2.7
1908468750, 2.6
1909250000, 2.6
1910031250, 2.6
1910812500, 2.6
1911593750, 2.6
1912375000, 2.6
1913156250, 2.6
1913937500, 2.6
1914718750, 2.6
1915500000, 2.5
1916281250, 2.5
1917062500, 2.5
1917843750, 2.4
1918625000, 2.4
1919406250, 2.4
1920187500, 2.4
1920968750, 2.4
1921750000, 2.3
1922531250, 2.3
1923312500, 2.3
1924093750, 2.2
1924875000, 2.2
1925656250, 2.2
1926437500, 2.1
1927218750, 2.1
1928000000, 2.1
1928781250, 2.0
1929562500, 2.0
1930343750, 2.0
1931125000, 2.0
1931906250, 1.9
1932687500, 1.9
1933468750, 1.9
1934250000, 1.9
1935031250, 1.9
1935812500, 1.9
1936593750, 1.9
1937375000, 1.8
1938156250, 1.8
1938937500, 1.7
1939718750, 1.7
1940500000, 1.7
1941281250, 1.7
1942062500, 1.7
1942843750, 1.7
1943625000, 1.7
1944406250, 1.7
1945187500, 1.7
1945968750, 1.7
1946750000, 1.7
1947531250, 1.7
1948312500, 1.6
1949093750, 1.6
1949875000, 1.6
1950656250, 1.6
1951437500, 1.6
1952218750, 1.6
1953000000, 1.6
1953781250, 1.6
1954562500, 1.6
1955343750, 1.6
1956125000, 1.6
1956906250, 1.7
1957687500, 1.7
1958468750, 1.7
1959250000, 1.7
